        Time	Energy		x1				x2			x3				x4			x5			x6	
       0.000    4283.543   38788.866   62667.505    11997.290   10879.502   29376.249   66678.790
     100.000    3834.113   10785.711   63746.253    14339.192   10628.477     1449.806   68436.943
     200.000    3526.044    8906.586   66054.632    14300.717   10205.610     3711.537   71051.605
     300.000    3159.929    9161.615   64902.057    14186.393   10316.854     3472.626   70506.830
     400.000    3282.484    8755.461   64339.247    14145.218   10193.023     3437.700   69297.728
     500.000    3251.238    8759.621   64602.392    14311.811   10137.161     3929.228   69865.354
     600.000    3185.878    8029.166   65113.743    14036.268    9964.864     4479.375   70365.003
     700.000    3492.472    9064.385   64107.351    14066.096    9969.110     3443.077   69025.355
     800.000    3054.582    8770.446   64149.401    14223.636   10116.287     3761.757   69519.674
     900.000    3266.865    9541.798   63449.661    13846.500   10201.735     2798.255   68878.085
    1000.000    3232.180    9599.982   62642.038    14291.839   10148.799     3049.782   67916.582
    1100.000    3187.406   10147.394   61301.909    14151.665    9906.141     2574.061   66590.433
    1200.000    3396.739    9664.743   63627.089    14016.606   10430.554     2794.386   69103.427
    1300.000    3406.991   10175.202   63041.778    14182.922   10347.904     2536.326   68511.297
    1400.000    3142.460    9883.016   62670.807    13977.515   10050.954     2499.120   67983.923
    1500.000    3252.264   10324.792   63106.683    14228.423   10297.075     2227.183   68475.046
    1600.000    3250.585    9530.107   64557.732    14036.084   10111.721     2912.993   69825.884
    1700.000    3439.251   10613.844   62367.748    14400.942   10683.473     2290.625   68115.496
    1800.000    3399.711   10215.681   62771.685    14056.249   10163.728     2348.363   68043.497
    1900.000    3277.765   10327.986   63602.712    14114.570   10343.981     2402.785   69285.129
    2000.000    3384.061    9530.375   62467.353    14060.065   10129.767     2933.333   67616.702
    2100.000    2991.630    9356.285   62134.305    14184.941   10514.886     2937.355   67766.260
    2200.000    3535.249    8449.385   64667.116    14024.849   10287.535     3850.788   69694.726
    2300.000    3437.534    9255.933   64032.723    14161.683   10219.914     3035.136   68944.489
    2400.000    3808.253    9499.491   62990.772    14332.820   10496.476     3110.939   67956.605
    2500.000    3604.350    9364.776   63963.557    14143.398   10490.290     3266.741   69337.616
    2600.000    3624.591    9357.782   64003.618    14089.362   10376.556     3302.181   69326.183
    2700.000    3181.162    9704.994   62865.333    14116.492   10422.971     2675.714   68371.357
    2800.000    3229.224   10077.796   64027.048    14198.918   10529.960     2449.789   69656.450
    2900.000    3324.447    9827.383   63321.752    13992.579   10409.682     2550.061   68791.852
    3000.000    3393.196    9763.768   62923.148    14336.961   10544.851     2974.994   68476.603
    3100.000    3103.440    9322.116   63940.060    14601.611   10559.763     3616.482   69733.369
    3200.000    3259.833    9186.696   62983.025    14267.977   10444.820     3283.223   68369.955
    3300.000    3149.912    9206.219   63526.299    14296.070   10382.597     3419.641   69088.774
    3400.000    3051.331    9192.277   64307.818    14175.547   10420.116     3460.894   70154.227
    3500.000    3381.637    9051.385   64234.294    14295.115   10566.274     3682.894   69858.096
    3600.000    3320.310    9055.077   63543.591    14213.491   10569.688     3485.420   69119.974
    3700.000    3348.319    8650.767   64651.256    14333.943   10677.066     4058.377   70355.203
    3800.000    3121.498    9687.916   64463.643    14030.289   10365.374     2738.297   70103.443
    3900.000    3149.116    8977.806   63419.535    14087.383   10623.206     3239.285   69023.333
    4000.000    3280.410    9183.187   63821.599    14239.689   10661.179     3217.496   69363.362
    4100.000    3074.201    9092.214   64036.715    14221.905   10583.691     3367.050   69783.563
    4200.000    3157.046    8256.241   64449.173    14263.964   10590.193     4066.117   69940.714
    4300.000    3238.536    9271.769   63677.828    14077.891   10503.006     2922.332   69058.509
    4400.000    3144.863    9311.352   64253.674    14071.273   10498.145     3016.583   69863.618
    4500.000    3441.108   10020.120   62970.986    14033.843   10555.958     2410.636   68482.748
    4600.000    3389.966   10966.424   61875.918    13893.741   10583.352     1004.969   67146.957
    4700.000    3411.097    9744.117   63420.533    14046.159   10736.522     2493.790   68937.706
    4800.000    3560.200    9966.163   63333.914    14142.602   10596.567     2499.680   68693.522
    4900.000    3349.053   10137.295   62851.728    14070.702   10625.385     1824.865   68019.519
    5000.000    3317.977    9980.636   63437.638    14128.020   10307.287     2551.300   68830.866
    5100.000    3336.674   10514.031   63369.279    14219.332   10726.026     1972.758   69026.087
    5200.000    3266.528   10840.439   61769.765    14182.121   10452.815     1643.820   67258.190
    5300.000    3017.938   10261.644   63000.488    14050.684   10699.038     2002.285   68894.833
    5400.000    3179.825   11366.607   61607.790    14075.829   10760.559     1182.675   67661.977
    5500.000    3454.541   10304.364   61735.499    14386.847   10490.706     2259.128   66948.310
    5600.000    3364.600   10346.857   62536.897    14316.467   10990.135     2196.682   68389.504
    5700.000    3212.373   11127.347   61514.701    14030.448   10588.818     1265.216   67253.263
    5800.000    3307.171   11103.357   61392.252    14249.172   10705.200     1636.699   67281.165
    5900.000    3006.103    9931.603   62948.915    14151.811   10466.708     2699.807   68889.119
    6000.000    3094.145   11249.106   61139.618    14078.442   10510.897     1121.301   66848.335
    6100.000    3034.122   11183.452   61647.124    14404.651   10626.238     1513.029   67531.071
    6200.000    3002.624   11068.608   61501.962    13864.456   10662.065     1200.170   67565.723
    6300.000    2891.351   10037.963   61890.555    14158.554   10710.393     2515.512   68104.517
    6400.000    3126.720   11919.091   60681.368    14154.401   10621.548      731.408   66672.294
    6500.000    3068.870   11290.387   60533.863    14047.716   10739.250      792.248   66239.163
    6600.000    3128.941   10302.872   61648.821    14271.415   10769.281     2074.904   67395.522
    6700.000    3174.347   10160.068   62397.241    14116.641   10476.571     2275.269   68018.162
    6800.000    2957.266   11378.683   60945.332    13755.365   10564.503      757.273   66933.161
    6900.000    3170.131   10623.206   61522.075    14120.762   10620.864     1870.338   67345.589
    7000.000    2830.894   10298.507   61810.166    14208.002   10773.659     2296.215   68139.652
    7100.000    3089.047   10762.265   61140.209    14128.091   10911.469     1843.208   67440.013
    7200.000    3031.410   10851.186   61836.949    13993.475   10456.405     1540.022   67659.675
    7300.000    2999.343   11456.871   61244.513    14200.796   10675.847     1200.750   67377.842
    7400.000    3032.650   11001.040   61012.677    14076.022   10614.066     1641.583   67160.695
    7500.000    3213.557   10219.484   63118.044    14065.859   10796.264     2272.908   69127.285
    7600.000    3138.211   10861.417   61289.645    14109.986   10916.215     1681.646   67500.726
    7700.000    3155.503   10173.078   62362.826    14295.987   10680.879     2261.937   68027.229
    7800.000    2954.106    9782.834   63554.391    14083.622   10873.281     2519.263   69692.041
    7900.000    2888.584    9946.917   62537.032    13933.812   10987.947     2215.982   68865.481
    8000.000    3044.002   10134.491   62896.859    13845.938   10776.866     1853.369   68771.644
    8100.000    3179.337    9391.760   63527.168    14251.218   10966.856     3103.911   69559.140
    8200.000    2945.739   10155.015   63888.212    14088.200   10688.488     2227.192   69924.968
    8300.000    3034.736    9393.718   64485.574    14099.295   10800.663     3098.934   70644.857
    8400.000    2841.657   10411.963   62134.327    14227.045   10586.369     2318.671   68382.627
    8500.000    2910.729    9742.611   63140.542    14140.589   10449.745     2933.156   69214.735
    8600.000    2895.918   11672.926   61822.495    14029.292   10716.395      809.215   68095.821
    8700.000    3180.582   10283.224   62203.879    14336.156   10584.906     2339.595   67894.866
    8800.000    3268.939   11019.345   60847.876    13997.771   10627.416     1184.500   66412.427
    8900.000    3070.816    9754.826   62841.440    14129.442   10717.569     2588.732   68702.308
    9000.000    3220.697   10413.648   62162.459    13866.164   10498.347     2051.381   68038.973
    9100.000    3179.922    9974.423   62994.564    14210.104   10764.220     2558.220   68901.401
    9200.000    3124.633   10824.393   62507.022    13999.429   10721.229     1486.366   68414.948
    9300.000    3083.356    9743.564   62700.339    13851.477   10497.624     2420.753   68427.446
    9400.000    2883.592    9396.835   62616.068    14018.229   10886.907     3180.336   69178.324
    9500.000    2956.579   10114.484   63186.898    14251.440   10807.911     2445.418   69346.692
    9600.000    3104.666    9762.635   63476.674    14022.666   11021.449     2533.746   69667.172
    9700.000    2988.829    9696.634   63359.263    14059.001   10678.046     2776.358   69462.470
    9800.000    2985.350   10241.079   62391.181    14084.518   10603.274     1772.614   67938.281
    9900.000    3168.138    9015.829   62599.418    14015.725   10799.254     3096.009   68326.647
   10000.000    3082.005   11478.659   60199.939    14422.548   10901.508     1098.626   66174.178
   10100.000    3004.799   10002.399   62311.668    14080.374   10570.958     2491.149   68291.001
   10200.000    3177.110   11168.028   60791.245    14213.998   11032.539     1343.155   66943.859
   10300.000    3177.547    9696.324   62296.778    14345.754   10987.083     2884.519   68341.403
   10400.000    3109.889    9410.686   62418.293    14310.291   10841.322     3228.366   68478.486
   10500.000    3085.568    9740.808   62169.343    14277.161   10730.208     2797.785   68075.415
   10600.000    2927.607   10407.815   61512.586    14229.217   10686.520     2360.015   67810.112
   10700.000    3303.042    9804.236   62392.386    14266.166   10701.380     2765.865   68094.658
   10800.000    3352.363   10851.258   61176.921    13970.831   10974.569     1526.261   67205.815
   10900.000    2957.647   10095.080   61658.997    14174.971   10652.504     2377.440   67651.402
   11000.000    2944.542   10094.731   61413.367    14020.698   10761.491     2261.544   67565.893
   11100.000    2972.189    9556.202   62216.573    13692.293   10469.194     2436.981   68014.469
   11200.000    3061.036   10228.897   60409.071    14149.222   10701.923     2409.460   66539.093
   11300.000    2863.155    9441.723   62030.045    14062.773   10721.192     3224.866   68491.898
   11400.000    3297.796    9665.789   62303.348    13903.176   10788.012     2838.575   68394.751
   11500.000    2894.291    9594.637   61993.762    14089.318   10823.248     3139.761   68567.799
   11600.000    2928.840   10235.043   61569.481    14061.734   10676.236     2330.336   67820.522
   11700.000    3178.256    9900.834   62592.102    14060.288   10950.626     2653.859   68858.877
   11800.000    2981.107    9718.779   63427.807    14129.709   10953.117     2960.294   69949.180
   11900.000    2993.453   10448.164   62795.387    13967.561   10790.932     2212.083   69285.553
   12000.000    2678.021    9499.727   63516.134    14053.889   10746.278     3311.740   70341.970
   12100.000    3050.840    8890.745   63334.521    14183.411   11025.440     3734.773   69751.228
   12200.000    2865.856    9104.932   63085.359    13692.404   10538.475     3239.478   69409.983
   12300.000    3053.166    9778.677   62866.571    14015.025   10820.805     2970.186   69368.050
   12400.000    3265.135    9015.712   64610.959    14157.972   11002.252     3698.852   70904.668
   12500.000    3112.235    9011.963   63749.065    14085.529   10935.136     3857.044   70355.443
   12600.000    2928.279   10612.117   61325.708    14031.846   10911.961     2161.105   68050.766
   12700.000    2898.423    9989.180   62866.140    13984.480   11144.593     2731.291   69848.303
   12800.000    3133.995   10229.301   62582.530    14108.016   10940.304     2626.955   69137.080
   12900.000    3028.798    9872.959   63038.045    14168.471   11021.332     2834.290   69569.358
   13000.000    2830.781    9991.077   62682.839    14149.527   10714.761     2876.531   69284.901
   13100.000    2569.578   10565.386   61526.959    13928.836   10716.064     1978.492   68288.486
   13200.000    2965.258   10357.357   61884.438    13710.120   10577.948     2140.539   68284.905
   13300.000    3155.028    9192.762   63248.763    13977.097   10649.889     3634.439   69593.729
   13400.000    2723.270    9999.307   62131.118    13806.687   10707.218     2658.960   68966.646
   13500.000    2729.733   10646.737   61703.622    13957.499   10804.540     2029.195   68496.862
   13600.000    2793.973   10015.179   61166.497    13885.958   10970.414     2734.628   68206.788
   13700.000    2595.234   10572.595   61264.985    14221.190   10895.573     2556.488   68473.217
   13800.000    2901.881   10383.373   62229.283    14061.425   10887.459     2620.665   69157.474
   13900.000    2804.313   10328.577   62161.253    13914.327   10613.723     2262.764   68647.676
   14000.000    2960.489   10359.162   62043.255    14073.240   10869.734     2658.394   68896.816
   14100.000    2944.779   10303.192   61582.859    13864.967   10742.238     2425.906   68244.448
   14200.000    2808.071   10214.755   62314.507    13943.232   10783.844     2472.924   69034.728
   14300.000    2813.156   11786.989   60559.048    14167.244   11011.372     1460.398   67837.408
   14400.000    2671.831    9708.189   62969.955    13945.160   10784.854     3075.922   69921.929
   14500.000    3097.600   10739.312   62142.130    13959.180   10742.480     2088.971   68656.113
   14600.000    2934.419   11395.543   60641.352    13971.381   10674.710     1463.931   67269.735
   14700.000    3080.478   10270.889   61159.814    14086.590   10791.487     2381.564   67436.686
   14800.000    2975.043   10606.403   62609.980    14274.528   11172.130     2278.195   69417.137
   14900.000    2998.906   10342.459   61543.930    13884.907   10641.494     2075.645   67719.715
   15000.000    2791.095    8955.528   63474.530    14150.014   10844.836     4017.932   70351.717
   15100.000    3089.120   10545.844   61192.790    14127.388   11134.619     2350.705   68007.450
   15200.000    3344.351    9426.919   62758.289    14017.393   11144.005     3144.996   69112.464
   15300.000    3152.049   11118.203   60966.859    14258.866   11221.167     1822.918   67718.232
   15400.000    3065.464   10741.504   60474.008    14030.259   10988.301     2195.543   67303.631
   15500.000    2892.213    9485.449   62148.987    13881.652   11029.628     3276.929   69167.129
   15600.000    2784.521    9813.394   61987.486    13966.170   10936.500     2884.718   68871.406
   15700.000    3066.140   10107.133   62510.129    13982.166   10801.794     2691.266   69062.016
   15800.000    3096.761    9450.356   62527.918    14080.963   10825.994     3569.078   69195.623
   15900.000    3054.128    9981.276   62376.534    14072.811   10894.460     2977.206   69102.536
   16000.000    3084.504    9696.116   62133.062    13844.766   10436.738     2877.132   68213.779
   16100.000    3055.809    9931.837   61895.774    13911.283   10672.442     2760.003   68292.964
   16200.000    2908.858    8852.203   64047.567    14093.421   10774.409     4112.006   70783.906
   16300.000    2838.518    9583.922   62942.139    13919.126   10695.433     3046.583   69510.432
   16400.000    3079.841    9284.713   63349.296    14227.920   10977.815     3650.227   69954.290
   16500.000    2767.807    9737.326   62933.145    13926.756   10712.194     3047.300   69735.402
   16600.000    3069.272    9215.441   63099.508    14170.793   10814.776     3537.258   69426.919
   16700.000    3151.145   10902.299   61411.334    13993.385   10658.723     1702.902   67530.728
   16800.000    2999.199   10341.294   60889.524    13802.277   10769.594     2247.446   67446.383
   16900.000    2960.718    9588.100   61872.056    13751.434   10748.187     2873.604   68369.795
   17000.000    2819.251    9565.926   62105.476    14199.765   10883.534     3234.261   68770.181
   17100.000    3037.704   10841.532   60542.016    14173.763   10828.524     1913.093   66913.698
   17200.000    2987.539   10508.297   62323.504    14068.953   11096.130     2017.795   68889.234
   17300.000    3133.260    9711.420   63286.936    14235.560   10930.425     3190.630   69750.591
   17400.000    2966.537   10441.108   61036.708    13911.236   10495.267     2092.444   67187.754
   17500.000    2896.431   11106.080   60654.917    14428.490   11041.295     1878.181   67355.553
   17600.000    3118.722    9990.121   61612.460    14097.216   10946.046     2647.584   67980.271
   17700.000    3114.280   10185.561   61575.637    14255.638   10841.559     2629.016   67861.854
   17800.000    3288.142   11126.834   61838.216    13921.358   10857.848     1300.461   67913.859
   17900.000    3160.223   10416.047   61322.781    14274.917   10818.560     2271.146   67393.394
   18000.000    3012.013   10244.786   62076.416    14283.168   11096.963     2735.584   68858.568
   18100.000    3107.175   11047.999   61928.302    13865.817   10801.083     1505.280   68309.672
   18200.000    3260.462   11229.419   61024.168    14233.311   10853.494     1701.226   67314.534
   18300.000    3073.778   10689.512   61701.360    13974.659   10697.488     2024.683   68064.604
   18400.000    3026.910    9986.774   61783.397    14330.940   10826.522     2713.308   67952.152
   18500.000    2587.983   10369.546   61766.771    14121.250   10626.823     2269.001   68322.908
   18600.000    2915.928   11378.886   60413.170    14278.883   10802.606     1515.561   66915.412
   18700.000    2622.584   10561.875   60638.510    14194.994   10908.048     2453.896   67744.752
   18800.000    2931.189    9355.734   62342.523    14178.732   10903.933     3549.474   69041.743
   18900.000    2638.274    9855.225   61605.676    13895.819   10952.484     3078.362   68957.654
   19000.000    2795.337    9541.038   62709.588    13875.562   11083.381     3315.355   69978.464
   19100.000    2607.123   10401.332   61579.020    14213.432   11061.872     2637.404   68859.072
   19200.000    2478.171    9944.755   62718.033    14285.803   11022.687     3020.842   69942.343
   19300.000    2588.987   10127.282   61615.543    14147.360   10872.574     2745.758   68624.811
   19400.000    2752.634    9308.918   62040.433    14448.771   11384.948     3820.487   69353.382
   19500.000    2736.098    9890.014   61891.738    14324.852   11341.157     3009.538   69071.497
   19600.000    2714.543    9762.498   62726.790    14561.217   11183.940     3212.189   69609.658
   19700.000    2658.456   10818.027   61311.537    14003.396   11002.403     1762.297   68232.411
   19800.000    2752.629   10119.957   62035.818    14244.908   10882.774     2534.059   68575.071
   19900.000    2858.075   10165.189   62821.514    14089.599   10938.400     2517.745   69495.173
   20000.000    2748.017   11100.725   61809.018    14332.349   11282.018     1827.023   68938.417
   20100.000    2536.626    9849.244   62631.403    14231.052   11138.288     2799.756   69651.014
   20200.000    2814.998   10311.539   62600.789    14232.868   10856.726     2632.333   69353.521
   20300.000    2524.032    9237.825   62433.625    14133.854   11002.140     3808.198   69823.901
   20400.000    2690.999   10368.493   62241.175    13867.889   11043.111     2480.907   69574.798
   20500.000    2856.429   10289.116   61427.976    13971.629   10942.781     2675.106   68506.921
   20600.000    2466.905   10649.375   60872.708    14250.184   10964.206     2432.091   68201.290
   20700.000    2547.447   10009.413   62357.856    13779.552   10985.371     2765.264   69790.907
   20800.000    2549.577    9913.305   63117.700    14161.036   11020.697     3068.828   70409.918
   20900.000    2314.156   10035.958   62307.442    14085.468   11256.350     2899.924   70100.051
   21000.000    2649.518   10726.563   60594.804    14081.450   10998.404     2019.795   67608.597
   21100.000    2701.707   10732.966   60855.292    14102.906   11367.730     2179.769   68331.145
   21200.000    2609.656   10095.602   61629.143    14037.687   11100.358     2473.801   68651.561
   21300.000    2716.178   10260.448   62144.849    14168.658   11373.096     2298.690   69192.248
   21400.000    2787.648   10144.346   62197.315    14112.921   11342.999     2588.489   69372.581
   21500.000    2653.954   10205.916   61654.373    14032.508   11215.353     2696.776   69085.955
   21600.000    2859.016    9235.298   62260.363    14177.709   11440.567     3486.651   69386.155
   21700.000    2966.165    9236.116   63126.739    13835.538   10974.183     3273.065   69808.401
   21800.000    2641.155   10332.619   61716.904    13975.650   10943.058     2370.880   68746.656
   21900.000    2969.673    9498.514   62483.014    14191.631   11195.174     3230.252   69245.650
   22000.000    2931.762    9453.975   63326.776    13961.355   10951.998     2988.939   69828.569
   22100.000    2780.709    9827.077   61636.109    14027.334   11303.852     2952.545   68911.541
   22200.000    2749.851    9680.644   62710.735    13869.767   10855.174     2913.207   69540.143
   22300.000    2990.523   10738.942   61013.395    13827.429   10901.834     1693.647   67529.865
   22400.000    2811.937    9230.749   62865.495    13883.435   10715.299     3201.904   69318.074
   22500.000    3149.701    9159.421   63593.243    13758.918   10859.298     3166.982   69870.326
   22600.000    3021.570    9142.850   63704.717    13951.058   10772.594     3215.591   69863.124
   22700.000    2958.908    8126.744   62912.712    13832.004   10913.626     4063.711   69225.882
   22800.000    2473.128    8714.942   63438.684    13508.066   10836.855     3730.181   70739.469
   22900.000    2438.021    8894.471   61817.519    13953.923   11162.232     3810.024   69292.303
   23000.000    2929.467    9947.414   62356.035    14370.249   11217.059     2917.419   69138.210
   23100.000    2786.080    8437.615   63143.966    14015.589   11084.763     4281.734   70146.409
   23200.000    2705.041    9275.281   62782.707    14134.906   11235.416     3517.635   69971.091
   23300.000    2773.364    9344.020   62223.529    14166.797   11120.213     3574.693   69322.294
   23400.000    2661.259    9058.319   61898.584    13616.862   10817.221     3455.919   68951.922
   23500.000    2746.384    9939.096   62277.237    13665.611   10789.737     2569.321   69163.394
   23600.000    2474.802    9419.506   61628.365    13793.378   10873.505     3219.118   68872.313
   23700.000    2514.988    9428.147   63005.958    14148.844   11047.187     3236.254   70053.713
   23800.000    2879.184    9431.857   62883.427    14182.023   11211.881     3366.080   69832.038
   23900.000    2883.314    9891.731   63149.071    14034.566   11302.073     2601.761   70026.757
   24000.000    2565.991    8827.673   63645.464    13999.574   11154.064     3980.366   71042.003
   24100.000    2693.603    9542.990   63375.639    14156.925   11033.102     3390.633   70491.836
   24200.000    2630.069    9513.721   62472.879    14392.871   11227.957     3581.692   69773.309
   24300.000    2524.882    9053.269   63972.836    14029.363   11313.084     3503.983   71288.926
   24400.000    2797.363    8398.586   63740.463    13750.922   10940.552     4008.066   70539.382
   24500.000    2598.009    9401.324   63129.267    14056.142   11095.093     3291.838   70263.372
   24600.000    2692.866   10419.745   61912.471    14072.488   11205.994     2324.183   69097.040
   24700.000    2610.552   10246.863   61195.605    13921.876   11178.098     2499.724   68587.863
   24800.000    2891.740    9006.637   62513.654    14352.840   11544.246     4433.782   70253.739
   24900.000    2393.698   10736.037   61365.245    14296.503   11500.612     2492.648   69404.339
   25000.000    2426.123    9802.426   61139.061    14242.598   11625.566     3314.614   69212.946
   25100.000    2430.478   10015.936   62283.198    14007.777   11188.747     3131.990   70181.616
   25200.000    2692.178    9738.337   62676.808    13811.932   11106.780     3103.914   70121.728
   25300.000    2465.406    8752.853   63582.284    13752.002   10990.176     4139.166   71247.070
   25400.000    2652.993    9627.813   62903.726    13720.168   10981.501     3287.613   70427.492
   25500.000    2624.993    8894.067   63503.882    14333.914   11347.118     4341.289   71127.447
   25600.000    2529.348    9017.157   63641.118    14055.420   11473.984     4038.609   71586.099
   25700.000    2612.314    9080.335   62333.498    13769.178   11113.718     3573.362   69719.420
   25800.000    2619.531    9228.912   63107.382    14103.878   11180.826     3755.395   70549.106
   25900.000    2581.863    8617.385   63487.670    13952.703   11009.856     4091.114   70671.460
   26000.000    2572.447    9265.262   63012.076    13995.479   11282.941     3773.769   70766.121
   26100.000    2464.257    8987.402   64077.668    14024.108   11014.085     4037.294   71628.084
   26200.000    2363.617    8827.502   64174.587    13937.727   11168.458     4033.378   71902.582
   26300.000    2587.331    8477.080   63428.485    14227.374   11350.829     4566.801   71008.490
   26400.000    2369.266    9185.195   63924.894    14135.613   11502.925     3672.402   71780.537
   26500.000    2686.983    8055.335   65032.041    14108.173   11260.550     4966.334   72519.103
   26600.000    3034.593    9795.191   63090.060    13825.587   10925.353     2946.699   69897.122
   26700.000    2610.742    9103.317   64172.656    14048.307   10828.068     3761.364   71206.357
   26800.000    2665.332    9212.744   62832.059    13857.697   11085.830     3483.241   70090.845
   26900.000    2723.992    8897.018   63644.798    14049.613   10919.118     3787.481   70474.810
   27000.000    2591.366    9736.186   62276.184    13841.101   10938.365     2940.471   69458.739
   27100.000    2555.605    8761.577   63971.408    13841.001   11006.017     3752.023   71094.419
   27200.000    2617.993    9184.383   62709.176    13877.393   11235.551     3228.960   69862.684
   27300.000    2759.188    8577.700   64228.484    13882.600   11040.114     4096.902   71301.411
   27400.000    2438.469    8068.500   64210.538    13877.205   10991.572     4516.525   71471.460
   27500.000    2900.141    8442.026   64227.885    14147.882   11218.400     4291.880   71132.169
   27600.000    2844.540    8212.664   63828.744    13868.340   11086.743     4165.270   70580.540
   27700.000    2454.010    9512.591   62470.313    13754.221   11013.324     3099.337   69887.335
   27800.000    2791.464    9365.586   62145.306    14180.920   11250.968     3574.363   69363.839
   27900.000    2821.522    9969.646   62485.042    14212.082   11260.022     2912.666   69593.773
   28000.000    2755.120   10323.118   60705.684    13900.097   11030.480     2334.231   67738.296
   28100.000    2567.516   10972.218   61029.278    14023.455   10937.335     1664.265   68012.125
   28200.000    2817.694    9652.571   63049.669    14092.106   10887.884     3143.283   69823.607
   28300.000    2669.750    9836.505   62588.862    13901.559   10961.204     2698.097   69513.360
   28400.000    2747.549   10248.252   62491.748    13801.888   10737.550     2211.640   69139.753
   28500.000    2620.482    9850.884   62057.316    13650.028   10854.538     2483.594   68975.824
   28600.000    2789.007   10216.800   61336.276    13669.905   10688.462     2206.654   67989.281
   28700.000    2777.213    9522.944   63533.943    13943.393   11037.490     2871.796   70245.567
   28800.000    2641.659   10160.443   62142.199    13955.580   11278.788     2449.299   69433.491
   28900.000    2812.209   10320.425   61959.493    14030.492   11003.472     2345.985   68786.674
   29000.000    2829.594    8884.492   63377.044    13912.993   11102.494     3674.521   70295.964
   29100.000    2724.686    8175.635   64590.232    13846.083   11086.503     4347.907   71629.508
   29200.000    2875.938    9619.453   62707.163    14082.760   11111.597     3074.970   69554.484
   29300.000    2707.908    9185.192   63173.231    13943.805   10938.124     3508.652   70153.485
   29400.000    2608.036    8330.444   63900.468    13876.599   10945.088     4440.291   71131.656
   29500.000    2501.737    7932.350   64984.803    14137.206   11374.720     5372.351   73025.281
   29600.000    2468.248    8779.742   63756.769    13790.803   11087.329     3745.224   71110.013
   29700.000    2470.572    9406.879   62706.415    14133.760   11482.074     3381.961   70372.997
   29800.000    2757.311   10134.549   62713.775    13730.738   11085.380     2486.707   69932.362
   29900.000    2697.774    8161.302   63481.558    14075.032   11561.161     4791.909   71223.125
   30000.000    2878.162    8461.457   63929.877    13998.450   11507.116     4357.367   71379.206
   30100.000    2759.168    9054.566   63445.529    14056.607   11110.306     3809.497   70604.123
   30200.000    2820.093    9449.707   63871.148    13870.448   11443.107     3284.463   71357.884
   30300.000    2643.526    9249.578   63286.066    14089.810   11169.490     3689.381   70661.179
   30400.000    2488.105    9356.644   62599.790    13939.755   11139.461     3313.765   69981.801
   30500.000    2668.583    9659.433   61841.328    13747.721   11305.663     2759.598   69149.716
   30600.000    2746.529   10073.281   62130.975    13897.328   11125.803     2613.426   69299.627
   30700.000    2917.599    9882.660   62318.321    13974.147   11249.723     2542.468   69101.427
   30800.000    2864.474   10361.826   61127.845    14018.977   11025.723     2200.041   67831.984
   30900.000    2748.759   10776.686   60724.364    13987.135   11142.848     1878.181   67786.184
   31000.000    3044.303   10353.936   61922.402    13810.948   11060.465     2167.139   68648.691
   31100.000    2560.790    9712.915   61440.867    13811.566   10940.334     2570.962   68292.721
   31200.000    3044.233    9764.344   63100.620    14290.773   11569.542     2969.831   70069.331
   31300.000    2587.651   10004.155   62297.173    13991.450   11197.567     2449.588   69369.382
   31400.000    2691.198    8762.653   63100.975    14342.062   11695.731     4282.853   70808.952
   31500.000    2878.178    8170.934   63955.277    14049.304   11427.579     4105.132   70731.441
   31600.000    2756.851    8369.810   63756.675    14041.581   11756.582     3941.891   71026.524
   31700.000    2782.047    8979.330   64193.225    14122.838   11568.544     3391.799   71228.013
   31800.000    2650.531    9337.886   62965.834    14087.119   11252.854     3331.972   70150.897
   31900.000    2524.194    9079.258   62731.861    13953.939   11113.708     3426.209   69872.902
   32000.000    2541.207    9432.260   62651.256    13795.375   11006.802     2809.632   69563.367
   32100.000    2453.285    9853.843   62237.434    13961.469   11579.739     2645.565   69901.827
   32200.000    2766.259    9490.772   63090.818    14144.910   11543.148     3278.554   70492.122
   32300.000    2566.308    8526.456   63993.193    14134.840   11636.706     4097.774   71552.981
   32400.000    2680.483   10000.603   62992.817    13992.471   11441.020     2375.760   70137.246
   32500.000    2533.232   10121.905   62173.983    13811.801   11072.920     2337.112   69360.888
   32600.000    2202.655    9491.486   63040.958    13844.402   11237.693     2963.542   70686.622
   32700.000    2765.959    9894.912   63245.633    14124.949   11304.011     2669.330   70222.979
   32800.000    2704.214    9700.109   64155.860    14111.443   11354.070     2780.621   71175.002
   32900.000    2677.683    8921.498   63787.917    13894.599   11447.334     3475.295   71059.762
   33000.000    2572.761    9239.579   63814.725    13914.173   11202.390     3074.417   70844.177
   33100.000    2834.131    9270.616   63363.430    14150.872   11360.264     3296.008   70305.314
   33200.000    3018.217    8598.257   63786.768    14224.294   11563.974     4117.149   70823.636
   33300.000    2775.342    8991.339   63225.037    14160.109   11636.109     3659.066   70576.099
   33400.000    2512.978   10266.912   62174.906    14016.136   11374.518     2320.884   69608.107
   33500.000    2793.163    9409.683   63746.889    14234.744   11517.339     3111.989   70757.993
   33600.000    2841.693    9098.204   63411.573    13923.281   11319.256     3213.965   70278.023
   33700.000    2560.131    8975.727   64119.542    13978.550   11463.829     3541.938   71562.355
   33800.000    2547.084    8894.704   63323.043    13931.822   11353.314     3418.735   70510.890
   33900.000    2795.769    9343.176   63775.417    14234.833   11768.965     3281.336   71138.293
   34000.000    2671.738    9299.444   63448.027    14287.187   11445.186     3526.014   70759.746
   34100.000    2848.175    9006.906   64270.859    14183.466   11599.589     3762.260   71607.973
   34200.000    2758.943    8358.890   63928.643    14138.396   11525.452     4535.906   71451.552
   34300.000    2701.911    8071.599   64206.562    14280.122   11742.239     4742.249   71780.617
   34400.000    2847.308    8596.333   63615.492    13821.746   11407.078     3774.587   70724.437
   34500.000    2750.235    8750.464   64065.198    14111.523   11426.387     3886.044   71266.335
   34600.000    3073.140    9739.266   62161.983    14160.154   11333.792     2836.576   68838.323
   34700.000    2837.436   10455.368   60851.924    13931.356   11260.367     1995.595   67794.462
   34800.000    2975.021    9808.479   61972.058    14209.250   11467.310     2276.965   68340.541
   34900.000    2578.149   10112.615   61818.293    13932.974   11292.827     2005.679   68718.291
   35000.000    2967.284    9593.326   62385.217    14136.705   11491.775     2807.125   69173.455
   35100.000    3050.080    9179.770   63826.819    14005.103   11350.587     3113.540   70415.534
   35200.000    3067.958    9067.064   62151.650    14313.528   11497.291     3582.279   68916.798
   35300.000    3046.418    9181.316   62213.651    14397.565   11452.581     3671.587   69075.151
   35400.000    2687.205    9498.418   62974.951    14127.342   11407.504     3056.538   70122.864
   35500.000    2924.312   10167.981   61823.240    14223.320   11701.958     2374.815   68920.362
   35600.000    2664.101    9952.585   62129.808    14202.506   11376.228     2622.655   69214.668
   35700.000    2744.783    8490.850   63631.762    14149.643   11431.857     4026.298   70686.341
   35800.000    2600.221    9637.392   62015.086    13868.458   10996.039     2757.368   68937.204
   35900.000    2749.290   10158.758   62012.008    14082.223   11302.681     2418.105   69060.039
   36000.000    2812.784    9568.968   62220.134    13905.388   11279.969     2869.949   69220.847
   36100.000    2768.011   11444.703   60808.738    14024.003   11498.992     1156.055   68116.474
   36200.000    2650.442   10689.166   59993.840    13974.213   11220.330     2028.726   67307.408
   36300.000    3077.082    9921.574   63264.350    13806.535   10983.343     2454.036   69739.687
   36400.000    2595.569   10365.554   62027.631    14254.998   11436.102     2403.322   69382.041
   36500.000    2956.028    9404.883   63268.425    14158.953   11616.609     2967.232   70142.167
   36600.000    2783.526    9151.601   61656.626    14338.184   11697.460     3717.966   69101.942
   36700.000    3026.281    9981.442   62779.513    14087.016   11516.798     2677.790   69842.246
   36800.000    3022.422    9787.219   62820.884    14202.165   11444.316     2718.456   69546.288
   36900.000    2708.679    9099.326   63363.191    14080.634   11467.797     3694.986   70835.988
   37000.000    2951.532    9280.909   63533.681    14183.131   11331.005     3418.170   70429.101
   37100.000    2920.893   10333.041   60697.725    14170.907   11405.557     2517.764   67862.288
   37200.000    2856.027    9451.725   62257.050    13967.191   11435.660     3083.776   69404.993
   37300.000    2656.659    9359.869   62840.949    14007.065   11321.937     3459.925   70318.955
   37400.000    2607.700   10082.770   62450.594    13861.993   11256.148     2554.347   69874.166
   37500.000    2762.275    9389.225   62955.974    14228.205   11446.815     3450.675   70252.209
   37600.000    2669.977    9812.989   63318.976    14361.525   11923.767     3035.727   71059.957
   37700.000    2784.822    9514.248   63647.700    14432.273   11846.514     3698.543   71489.910
   37800.000    2311.025    9136.697   63480.965    14339.904   11774.498     3982.384   71723.614
   37900.000    2621.452    9701.581   64196.687    14192.604   11499.304     3246.175   71829.692
   38000.000    2540.620    8687.778   65890.118    14369.216   12075.226     4421.866   74165.151
   38100.000    2706.501    8577.067   64608.794    14082.886   11630.079     4171.906   72198.458
   38200.000    2636.142   10302.549   62163.852    14367.516   12103.608     2856.261   70422.612
   38300.000    2431.567    8854.897   64509.376    14220.998   11641.755     4155.025   72508.488
   38400.000    2445.547    8385.277   65183.896    13998.247   11281.852     4170.006   72577.237
   38500.000    2428.394    9209.416   63765.383    14075.625   11503.935     3521.103   71495.818
   38600.000    2477.948    9692.406   62757.443    14156.394   11377.459     3090.519   70283.485
   38700.000    2677.629    9833.367   62157.406    13943.611   11221.666     2971.915   69563.115
   38800.000    2735.751    9274.823   63027.684    14170.047   11435.577     3466.014   70298.300
   38900.000    2691.718    9579.094   62729.185    14152.875   11318.919     2885.151   69667.757
   39000.000    2705.554    9536.530   63383.709    14355.988   11818.245     3305.563   70982.504
   39100.000    2695.737   10859.801   61040.718    13916.502   11265.990     1650.183   68204.452
   39200.000    2785.154    9570.282   62009.177    13986.972   11124.230     3089.735   69021.299
   39300.000    2390.591   10344.051   61609.349    14410.329   11542.735     2770.046   69465.261
   39400.000    2546.310   10743.828   61672.285    14107.887   11605.248     1935.004   69302.167
   39500.000    2517.962   10627.385   61139.019    14220.557   11846.935     2129.855   69004.676
   39600.000    2453.994   10306.152   61639.872    14169.215   11654.306     2463.654   69440.776
   39700.000    2517.538   10120.709   62003.805    14460.939   11838.963     2930.412   69915.411
   39800.000    2508.337    9569.345   62870.524    14204.243   11682.234     3302.084   70711.607
   39900.000    2452.591   10848.480   61929.221    13993.268   11312.314     1850.104   69494.261
   40000.000    2515.204   10597.477   61778.175    14220.277   11658.301     2216.989   69515.462
   40100.000    2548.431   10203.684   62203.285    14182.542   11313.661     2607.966   69597.622
   40200.000    2471.976   10327.323   62952.617    13883.244   11372.604     2095.203   70392.527
   40300.000    2562.896   10063.310   63547.410    14204.916   11832.996     2804.044   71479.948
   40400.000    2489.166    9675.525   62551.370    13930.984   11341.737     2695.740   69844.222
   40500.000    2643.320   10111.374   62751.235    14227.949   11611.309     2826.583   70429.232
   40600.000    2422.566   10065.957   62248.246    14370.988   11713.015     2748.623   69982.286
   40700.000    2464.446   10307.983   61565.694    14407.712   11879.843     2267.835   69149.197
   40800.000    2456.512   10754.280   62503.214    14382.268   11552.079     1966.831   69937.624
   40900.000    2531.622   11052.424   61024.930    14185.685   11557.229     1648.374   68565.649
   41000.000    2368.364    9945.789   62409.127    14155.521   11759.566     2534.371   70124.968
   41100.000    2050.805   10877.934   60730.413    14095.411   11673.593     2059.346   69195.069
   41200.000    2488.470   10380.213   62286.231    14200.073   11753.367     2516.557   70247.824
   41300.000    2225.999    9631.103   63037.470    14228.037   11608.712     3474.604   71297.853
   41400.000    2459.796   10546.905   61505.872    14059.583   11646.414     2190.072   69369.883
   41500.000    2427.046   10317.249   62867.620    14254.989   11709.262     2437.677   70649.774
   41600.000    2420.772    9358.911   63545.479    14260.061   11543.492     3354.354   71121.403
   41700.000    2508.052    9476.267   63205.336    14150.053   11716.798     3127.231   70867.528
   41800.000    2283.604    9278.049   63746.452    13855.508   11329.600     3224.192   71439.181
   41900.000    2532.751    8438.971   63625.231    14240.433   11633.770     4427.581   71352.370
   42000.000    2485.776    9455.409   63292.048    14151.967   11592.718     3068.502   70770.934
   42100.000    2658.872    9100.495   63684.360    14327.710   11813.162     3999.308   71610.744
   42200.000    2682.444    9275.527   62736.791    13979.953   11255.799     3322.120   69927.838
   42300.000    2556.074    9936.027   61510.119    14006.488   11329.315     2549.060   68761.960
   42400.000    2644.685    8938.166   64146.263    14168.093   11410.538     3515.358   71197.546
   42500.000    2415.929    9536.467   62937.304    14036.910   11860.659     2832.337   70713.927
   42600.000    2554.837    9554.586   61973.156    14025.528   11594.083     3147.417   69688.878
   42700.000    2663.495   10445.497   60877.273    14092.125   11500.022     1976.997   68044.169
   42800.000    2689.675    9771.304   61271.486    14290.405   11694.198     3119.831   68876.739
   42900.000    2953.218   10045.818   61899.188    14107.549   11441.791     2854.957   69180.987
   43000.000    2630.754    9264.264   62423.881    14317.787   11909.125     3784.950   70433.679
   43100.000    2644.746    9355.782   62635.559    14236.185   11901.863     3421.444   70433.717
   43200.000    2721.785    9836.683   61310.927    14304.570   11902.131     2768.974   68792.361
   43300.000    2593.413    9802.128   61708.877    14221.968   11899.512     3072.913   69668.049
   43400.000    2574.643   10283.175   61618.200    14182.166   11841.472     2413.232   69399.271
   43500.000    2564.481   10025.189   61882.950    14104.950   11522.821     2356.824   69118.352
   43600.000    2754.431    8302.235   63401.319    14280.383   11658.420     4495.962   70823.121
   43700.000    2650.512    8719.642   63522.415    14028.241   11359.058     3821.970   70744.332
   43800.000    2657.093    9348.677   63687.065    14121.668   11454.046     3235.275   70946.301
   43900.000    2672.383    9052.732   62686.750    14223.985   11639.492     3673.025   70155.630
   44000.000    2574.055    9174.440   63376.156    13916.270   11502.787     3305.412   70868.470
   44100.000    2656.246   10239.227   60959.536    14329.556   11253.411     2801.478   68267.850
   44200.000    2422.925    9843.743   61393.411    14039.339   11581.707     2720.543   69077.140
   44300.000    2622.608    9369.662   61789.640    14258.468   11559.255     3467.051   69304.531
   44400.000    2682.096    9371.514   62061.334    13912.722   11263.499     3222.409   69323.938
   44500.000    2544.474   10305.051   61927.848    14166.693   11535.691     2316.574   69373.997
   44600.000    2706.336   10647.946   61033.370    14393.847   11929.439     2355.734   68866.306
   44700.000    2451.651   10972.008   60497.584    13959.252   11453.968     1668.797   68181.453
   44800.000    2434.832    9256.016   62670.823    14058.149   11702.662     3424.796   70561.316
   44900.000    2598.035    9679.255   60769.066    14480.013   11733.137     3470.213   68573.622
   45000.000    2440.314   10581.887   60966.530    14070.456   11558.943     2118.219   68714.811
   45100.000    2735.418   10100.627   61084.201    13992.420   11400.357     2775.070   68632.416
   45200.000    2548.606   10770.558   61197.791    14155.897   11938.993     2265.186   69468.026
   45300.000    2695.487    9921.579   61341.940    14252.078   11753.810     2982.001   69051.766
   45400.000    2379.706   11126.176   60476.472    14111.950   11776.353     1964.256   68851.601
   45500.000    2304.449    9855.394   61507.648    14186.737   11772.082     3121.606   69765.544
   45600.000    2387.369   11826.099   59153.838    14321.789   11605.287     1261.216   67137.282
   45700.000    2478.609   10578.354   60161.073    14489.403   11860.040     2649.491   68280.945
   45800.000    2503.238   10907.865   61185.417    14040.355   11682.097     1844.028   69075.815
   45900.000    2539.703    9210.506   62975.440    14015.983   11625.329     3438.511   70694.100
   46000.000    2637.365   10559.780   61732.655    14008.316   11706.755     2077.580   69431.088
   46100.000    2353.062   10550.410   61497.776    14220.734   11440.948     2409.777   69325.115
   46200.000    2465.924   10681.693   61182.847    14297.729   11678.215     2025.934   68805.037
   46300.000    2638.467    9860.916   62428.262    13919.806   11442.973     2635.748   69809.627
   46400.000    2313.107    9858.743   60893.584    14030.270   10956.587     2870.464   68236.001
   46500.000    2618.770   10611.022   61853.813    14164.961   11711.310     2044.936   69437.351
   46600.000    2245.634   10077.680   61257.787    14185.621   11619.358     2789.794   69313.362
   46700.000    2336.646   10621.308   60839.345    13962.913   11445.016     2043.643   68649.753
   46800.000    2414.596   10837.316   60290.476    14369.769   12003.248     2346.197   68692.872
   46900.000    2503.680   10446.165   61010.146    14164.353   11722.769     2548.496   69059.543
   47000.000    2652.455    9900.723   61529.018    14067.322   11461.368     3029.770   69201.102
   47100.000    2646.583    9689.314   61775.527    13911.580   11609.970     2848.054   69364.703
   47200.000    2658.230    9671.381   61385.168    14200.921   11638.598     3397.525   69233.520
   47300.000    2801.645    9489.394   61492.877    14008.324   11977.086     3149.535   69298.922
   47400.000    2756.196    9604.762   62200.294    14040.103   11611.547     3110.534   69730.838
   47500.000    2733.066    8626.614   63833.419    13962.191   11631.956     3946.307   71343.039
   47600.000    2373.377    9391.653   62856.395    14032.075   11643.037     3374.634   70860.268
   47700.000    2357.691    9410.096   62730.618    14056.924   11752.976     3163.846   70642.921
   47800.000    2510.502    9886.511   61973.770    14059.503   11364.070     3279.556   69933.902
   47900.000    2687.194    9471.247   61645.613    13839.627   11316.336     3494.642   69401.016
   48000.000    2607.916    8379.786   63220.238    14551.335   11706.984     5325.170   71472.927
   48100.000    2332.459    8733.280   64088.910    14192.125   11820.002     4413.262   72530.871
   48200.000    2267.921    9108.268   62503.223    14141.823   11837.707     4063.616   71103.071
   48300.000    2207.680    9399.838   61712.799    14209.718   11719.143     3645.432   70059.814
   48400.000    2160.966    8060.829   64246.993    14198.716   11734.309     5153.860   72836.309
   48500.000    2167.847    9078.944   62377.881    14310.825   12091.693     3981.363   71051.210
   48600.000    2488.376    8702.212   63406.448    14009.393   11783.254     4109.227   71503.372
   48700.000    2393.188    9932.797   62761.681    14085.136   11934.786     3140.584   71291.524
   48800.000    2210.012    7936.525   64595.649    14220.972   11769.017     5324.610   73194.817
   48900.000    2295.743    8564.303   63681.636    14266.450   11751.891     4524.754   71960.391
   49000.000    2303.614    8481.055   63442.023    14231.875   11644.131     4524.166   71555.885
   49100.000    2533.638    8244.271   64199.704    13950.874   11682.724     4402.165   72044.351
   49200.000    2564.124    8754.582   63226.888    13727.323   11409.209     3845.319   70944.551
   49300.000    2399.524    7941.445   64759.358    14126.496   11300.755     5044.238   72519.776
   49400.000    2446.392    8950.073   63570.768    13949.255   11445.376     3968.417   71538.987
   49500.000    2451.529    7969.493   64433.045    14119.467   11527.219     5006.225   72364.986
   49600.000    2289.433    9928.161   62239.252    14117.310   11394.814     3300.549   70456.032
   49700.000    2489.450    8386.436   63833.037    14243.201   11703.098     4913.061   72102.982
   49800.000    2549.814    8806.735   63311.412    14162.129   11567.992     4311.013   71285.210
   49900.000    2311.310    9690.655   63102.211    14192.021   11641.515     3617.143   71548.192
   50000.000    2385.977    8634.801   63056.932    14207.821   11598.329     4245.845   70942.109
   50100.000    2667.657    8621.367   63144.256    14038.819   11585.973     4189.403   70834.523
   50200.000    2616.949    9030.915   62787.176    14097.490   11721.566     3695.305   70520.523
   50300.000    2416.601    8847.239   62818.137    14454.604   11960.706     4318.556   71073.433
   50400.000    2685.511    8988.477   62417.444    14060.446   11779.909     3866.525   70306.397
   50500.000    2438.500    9613.769   61628.091    14146.809   11627.950     3356.092   69640.594
   50600.000    2250.661    9458.348   62253.114    13749.692   11489.100     3035.976   70236.185
   50700.000    2178.637    9484.860   61825.046    14273.537   11371.317     3672.837   69901.887
   50800.000    2317.697    8626.841   62992.455    13932.903   11352.227     4241.841   70962.765
   50900.000    2313.185    9037.324   61905.341    14103.818   11736.053     3903.708   70165.422
   51000.000    2408.409    9956.195   61045.426    13903.492   11412.130     2709.191   68811.040
   51100.000    2236.735   10125.504   60935.239    14180.882   11876.505     2772.583   69292.213
   51200.000    2388.278    9927.905   61508.915    13779.495   11408.052     2806.151   69483.249
   51300.000    2314.542    9316.247   62405.230    14171.975   11690.206     3608.680   70533.846
   51400.000    2393.100    9669.499   62492.049    14196.327   11744.979     3290.130   70607.230
   51500.000    2301.880   10134.480   61739.177    14202.128   11675.830     2655.298   69700.776
   51600.000    2307.034    9975.795   62100.851    14010.421   11478.275     2576.780   69814.246
   51700.000    2243.499    9577.069   62785.664    13927.342   11383.294     3096.730   70671.916
   51800.000    2343.279    9718.636   61692.024    14190.880   11811.346     3005.042   69692.888
   51900.000    2402.326   10235.207   60837.494    14296.376   12015.287     2943.046   69332.333
   52000.000    2298.997   10297.454   61489.530    14406.117   11840.983     2806.556   69729.408
   52100.000    2212.725   10380.252   60701.184    14070.785   11549.373     2513.022   68860.322
   52200.000    2271.088   10818.235   61314.029    14122.541   11716.783     1905.779   69361.197
   52300.000    2274.454   10779.433   60818.523    14340.576   11591.700     2349.596   68924.222
   52400.000    2254.315   10729.437   61028.964    14084.324   11678.682     1881.479   68979.924
   52500.000    2139.062   10138.714   61958.326    14141.381   11652.891     2763.272   70232.760
   52600.000    2397.063   10318.777   60989.492    14139.865   11521.846     2922.825   69216.011
   52700.000    2329.159    9695.647   62405.865    14067.061   11631.713     3395.975   70732.980
   52800.000    2077.339    9573.341   62647.144    14207.393   11667.345     3693.991   71297.089
   52900.000    2098.785   10285.229   61545.501    14350.284   11877.176     3110.765   70369.601
   53000.000    2051.413   10241.738   62123.042    14144.501   11704.765     2805.193   70678.824
   53100.000    2206.338    9183.270   62435.843    14150.349   11535.406     3868.661   70666.494
   53200.000    2357.801    9776.098   62044.818    14244.669   11416.139     3174.188   69808.773
   53300.000    2384.228    9214.782   63178.926    14028.867   11508.696     3824.680   71313.990
   53400.000    2319.390    9070.032   63797.998    14018.536   11571.129     3777.660   71878.893
   53500.000    2374.263    8966.999   63491.100    14357.212   11927.701     4171.841   71826.167
   53600.000    2335.931    9103.451   63771.598    14095.886   11884.834     3719.181   72047.248
   53700.000    2281.919   10520.618   61689.931    14361.357   11879.865     2742.604   70189.742
   53800.000    2348.652    9891.331   61896.238    13962.447   11521.056     2888.545   69886.071
   53900.000    2490.660    8439.275   63951.735    13931.542   11711.317     4292.321   71972.446
   54000.000    2370.166    9091.220   62833.731    14126.069   11622.705     4035.143   71086.564
   54100.000    2319.437    9396.901   63370.920    13966.225   11784.799     3285.614   71552.572
   54200.000    2445.819    9510.207   62851.339    14031.212   11909.874     3201.029   70995.418
   54300.000    2569.713    9812.109   62312.397    13921.657   11550.470     2944.626   70128.232
   54400.000    2341.910   10979.464   60979.078    14046.312   11759.139     1821.325   69150.784
   54500.000    2404.517    9970.211   62762.345    14069.700   11594.350     3025.561   70878.250
   54600.000    2394.185    9884.521   62092.098    14219.079   11725.604     3063.611   70152.570
   54700.000    2531.345   10706.952   60986.970    14215.323   11549.173     2476.979   68973.406
   54800.000    2551.991   10588.949   61434.991    14136.570   11504.988     2442.989   69283.357
   54900.000    2260.231    9621.801   61831.513    14065.703   11804.655     3623.061   70555.096
   55000.000    2203.528   10409.291   61796.542    13975.004   11755.858     2498.817   70281.976
   55100.000    2181.284   10394.566   61423.787    14306.476   11880.009     3101.756   70312.358
   55200.000    2071.740   10262.532   61776.969    14399.586   11746.640     3256.839   70571.653
   55300.000    2362.913    9340.676   63056.344    13933.600   11307.081     3870.443   71278.030
   55400.000    2372.636    9982.553   61719.108    14055.951   11777.779     3032.596   70083.449
   55500.000    2504.083   10092.547   61822.383    14273.339   11887.880     3185.924   70211.312
   55600.000    2395.436   11201.833   60632.278    14035.908   11499.738     1734.221   68636.725
   55700.000    2137.152    9556.591   62337.524    14072.797   11666.144     3403.137   70753.447
   55800.000    2339.236   10763.476   60834.730    14085.918   11843.979     2029.389   69046.420
   55900.000    2561.942   10081.089   60353.912    14356.122   11990.592     3033.438   68540.967
   56000.000    2253.460   10700.874   60874.597    14094.388   11467.381     2036.682   68731.686
   56100.000    2479.700    9638.399   61313.499    14337.278   11966.238     3462.469   69563.628
   56200.000    2483.169    9282.905   60945.583    14227.491   11852.238     3817.870   69187.936
   56300.000    2191.672    9933.558   61893.938    14291.253   11821.768     2987.532   70153.871
   56400.000    2224.269   10593.296   62322.716    14206.218   11717.355     2504.767   70707.646
   56500.000    2290.254    8887.790   62937.859    14244.653   11758.508     3960.402   71009.652
   56600.000    2450.649    9578.725   62381.525    14455.404   11851.180     3558.730   70464.105
   56700.000    2232.349   10858.725   60282.622    14112.661   11822.247     1885.265   68503.848
   56800.000    2431.151   10770.336   61207.616    14244.760   12102.562     2351.085   69755.688
   56900.000    2501.071   10037.476   61094.987    14195.619   12127.804     2770.420   69333.997
   57000.000    2441.441    9965.487   60061.736    14371.025   12206.774     3043.024   68464.555
   57100.000    2391.599   10012.342   60440.511    14245.212   11898.602     2990.036   68704.681
   57200.000    2377.694    9485.250   61730.687    14289.187   11910.518     3445.592   69905.166
   57300.000    2519.626    9139.659   62407.550    14340.713   11928.609     3570.817   70186.295
   57400.000    2541.278    8881.105   62521.272    14465.051   11970.705     4038.871   70405.623
   57500.000    2395.166   10965.306   61245.687    14296.363   12094.035     1903.433   69516.932
   57600.000    2493.135   10803.053   60591.080    14346.000   11965.086     2174.339   68694.423
   57700.000    2713.364   10186.586   61293.282    14390.766   12353.296     2466.053   69195.087
   57800.000    2877.521    9531.721   62427.374    14003.765   11580.645     3009.472   69667.926
   57900.000    2732.118    9883.877   62627.892    14104.073   11881.131     2580.200   70136.909
   58000.000    2599.435    8888.241   64100.213    14151.163   11688.313     3697.693   71623.862
   58100.000    2697.704    8378.015   63659.622    14157.917   11680.609     4162.326   71024.952
   58200.000    2335.904    8862.412   62947.063    14071.373   11636.145     3659.377   70697.720
   58300.000    2408.294    9334.367   61816.664    14015.112   11464.387     3289.424   69481.436
   58400.000    2777.616    8873.628   63076.339    14171.902   11800.181     4199.607   71000.236
   58500.000    2493.315    9120.664   62918.971    14292.422   12041.940     3773.156   71068.993
   58600.000    2488.937    9055.093   62119.169    14178.218   11794.030     3738.121   70039.258
   58700.000    2387.290   10132.572   61370.839    14099.103   11718.195     2571.274   69306.488
   58800.000    2543.077    9187.727   62701.032    13980.879   11651.937     3557.759   70574.499
   58900.000    2701.588    9728.458   62365.619    14185.500   11823.195     3010.890   70041.074
   59000.000    2583.735   10999.913   60537.636    14419.047   11791.218     1984.811   68310.796
   59100.000    2651.522    9215.136   62073.280    14194.782   11408.605     3523.859   69374.576
   59200.000    2494.742   10567.489   60823.124    14315.141   11589.877     2028.019   68198.627
   59300.000    2726.610   10968.572   60351.938    14230.645   11462.083     1813.107   67638.444
   59400.000    2596.724   10739.084   61550.630    13998.763   11639.954     1919.257   69253.439
   59500.000    2467.781    9682.041   61277.219    14359.454   11762.004     3216.650   69110.679
   59600.000    2638.481    9364.277   61888.106    14376.828   11725.557     3429.199   69391.830
   59700.000    2726.699    9536.705   61997.545    14386.827   11656.694     3182.789   69260.206
   59800.000    2878.372    9939.778   61712.968    14018.054   11709.392     2474.314   68940.027
   59900.000    2705.337   10036.810   61487.600    14032.211   11368.057     2354.247   68509.166
   60000.000    2687.895   10855.452   60228.868    14570.300   12025.046     1709.197   67560.367
   60100.000    2533.002   11154.242   60307.211    14346.972   11961.313     1439.577   67982.368
   60200.000    2505.241   11541.744   59905.266    14275.704   11853.942     1140.650   67660.658
   60300.000    2357.690   12352.529   58903.484    13892.302   11304.600       55.718   66366.340
   60400.000    2512.740   11630.337   60124.850    14088.340   11768.274     1025.069   67947.451
   60500.000    2571.298    9928.163   62904.121    14284.063   11821.912     2676.032   70474.867
   60600.000    2634.659    9460.500   62539.831    14368.159   11720.075     3363.122   70080.710
   60700.000    2535.322   11438.495   60696.496    14192.807   11607.316     1084.259   68098.437
   60800.000    2375.538    9958.111   62456.775    14089.534   11352.865     2330.390   69633.069
   60900.000    2619.614   11431.441   60576.909    14136.570   11409.868     1102.625   67764.658
   61000.000    2372.182   11127.183   61077.457    14087.715   11746.903     1380.305   68871.951
   61100.000    2525.825   11147.217   61063.503    14161.889   11720.452     1660.318   68903.776
   61200.000    2392.415   11111.602   60292.493    14260.438   12028.541     1527.114   68306.898
   61300.000    2229.302   10781.264   59857.607    14346.462   11711.731     2132.017   67906.855
   61400.000    2367.996   10161.047   61854.422    13915.334   11462.510     2430.825   69625.474
   61500.000    2302.750   10678.640   60673.494    14351.111   11737.247     2126.431   68561.951
   61600.000    2527.647   10220.555   61563.291    14278.042   12086.271     2884.632   69949.060
   61700.000    2274.445    9563.303   62132.580    14192.725   11715.501     3214.190   70158.404
   61800.000    2592.977   10412.693   60514.703    14091.250   11571.004     2173.218   67987.391
   61900.000    2517.416   11126.756   59835.433    14165.336   11791.161     1803.098   67873.698
   62000.000    2333.255   10229.396   61210.932    14055.151   11711.096     2860.153   69623.170
   62100.000    2407.871   11069.254   61354.023    14221.911   11406.766     1989.958   69190.218
   62200.000    2415.713   10217.564   62194.778    14317.687   11739.633     2900.695   70319.271
   62300.000    2523.551    9935.951   61651.650    13989.339   11522.608     2935.508   69532.826
   62400.000    2427.957    9266.252   63147.161    14448.272   11912.920     3962.190   71412.294
   62500.000    2755.631    8826.163   64095.551    14015.233   11649.004     4033.990   71833.844
   62600.000    2475.391    9849.886   61755.122    14332.095   11741.726     3230.285   69769.532
   62700.000    2553.944    9008.917   64455.174    14127.633   11624.653     4018.867   72426.034
   62800.000    2850.670    9470.554   62651.392    14482.725   11624.090     3754.931   70167.572
   62900.000    2559.375   10606.003   62071.301    14176.917   11617.487     2354.929   69913.429
   63000.000    2771.715    9168.586   63468.582    14369.235   11618.467     3910.310   71024.995
   63100.000    2696.406   10147.762   61393.417    14145.176   11901.264     2628.404   69229.264
   63200.000    2547.964   10042.802   61174.163    14364.428   11931.138     2920.105   69155.815
   63300.000    2597.121    9737.641   62083.894    14289.816   11860.457     3204.762   69999.816
   63400.000    2437.090    9149.277   63074.525    14430.904   11654.523     4029.226   71039.558
   63500.000    2551.605    9901.833   62712.917    14466.752   12037.706     3219.803   70853.901
   63600.000    2725.320    9256.284   62453.884    14188.862   11624.775     3512.064   69932.824
   63700.000    2464.647    9832.407   62196.472    14445.963   11910.919     3177.410   70206.598
   63800.000    2649.116    9530.677   61621.806    14495.068   12093.586     3532.291   69634.177
   63900.000    2631.041    9918.987   61796.939    14304.060   11984.654     2890.612   69656.091
   64000.000    2547.545    9123.665   63742.386    14385.299   11602.234     3556.227   71091.669
   64100.000    2783.266    8677.008   63238.475    14202.930   11884.478     3951.157   70764.921
   64200.000    2655.418    9653.092   62032.083    13987.897   11617.393     3008.056   69667.310
   64300.000    2717.398    9589.964   62910.563    13991.994   11511.530     2922.765   70225.429
   64400.000    2760.704   10442.660   61331.460    14018.525   11755.389     2140.846   68891.126
   64500.000    2811.183    9593.397   62081.253    14142.957   11787.298     3166.518   69674.325
   64600.000    2786.223   10097.339   61419.335    14394.093   11596.511     2914.138   68847.008
   64700.000    2474.039    9793.940   61900.803    14007.355   11656.419     2639.718   69509.485
   64800.000    2746.972   10375.402   62737.861    14167.076   11600.884     2103.162   69903.261
   64900.000    2636.267    9081.513   63047.720    13968.134   11491.728     3323.137   70339.697
   65000.000    2639.756    9958.959   61236.767    14416.048   11750.579     2803.789   68694.290
   65100.000    2673.671    9597.370   63130.088    14377.350   11551.661     3324.050   70552.148
   65200.000    2462.818    9744.183   63008.599    13977.170   11334.562     2610.431   70257.787
   65300.000    2657.084    9788.324   60910.384    14491.107   11932.023     3232.841   68715.380
   65400.000    2838.589   12020.429   58625.701    14405.147   11495.942     1135.547   66033.883
   65500.000    2763.659   11603.361   59869.133    14046.311   11397.943     1149.643   67210.110
   65600.000    2852.206   10494.225   61568.209    14252.931   11850.985     2156.958   68965.240
   65700.000    2815.152    9770.561   61378.954    14022.443   11697.146     2952.443   68961.509
   65800.000    2662.110    9960.127   62093.326    14112.025   11411.329     2727.949   69418.596
   65900.000    2562.278    9648.480   61717.047    14514.613   11841.344     3441.524   69571.504
   66000.000    2701.338    9794.124   62170.241    14389.501   11866.646     3099.315   69839.487
   66100.000    2727.790    9971.782   61309.433    13862.504   11346.728     2447.491   68485.141
   66200.000    2355.859    9531.330   63402.394    14024.549   11402.499     3342.740   71298.555
   66300.000    2620.205    8755.831   63604.642    14107.161   11661.228     3937.219   71231.554
   66400.000    2607.236    9440.886   63237.355    14010.270   11418.976     3177.760   70657.471
   66500.000    2790.707    9031.246   61959.283    14327.604   11720.647     3926.834   69519.699
   66600.000    2673.178    9634.550   62412.093    14444.123   11951.035     3457.069   70337.446
   66700.000    2598.535   10221.908   60957.023    14086.218   11546.333     2488.082   68528.594
   66800.000    2590.477    9161.865   63068.539    14303.663   11661.457     3823.188   70820.909
   66900.000    2630.795   10975.047   61656.639    14119.796   11288.475     1935.151   69104.720
   67000.000    2460.311    9168.471   63286.061    13981.234   11370.670     3230.418   70614.074
   67100.000    2557.523   10441.404   62856.220    14001.518   11423.267     2041.361   70203.210
   67200.000    2396.539   10345.895   62009.485    13915.586   11427.344     2141.856   69612.455
   67300.000    2434.955    9990.719   62956.581    14153.067   11227.971     2825.148   70412.398
   67400.000    2663.462   10334.765   61629.612    14185.002   11507.734     2437.701   69061.348
   67500.000    2407.774    9235.379   63066.110    13834.887   11200.678     3234.240   70493.745
   67600.000    2439.140    9685.391   63551.716    14177.384   11440.576     3217.324   71278.484
   67700.000    2367.866   10001.926   62827.848    14011.621   11319.089     2916.624   70686.000
   67800.000    2347.659    8998.448   62927.917    13831.845   11085.262     3706.215   70538.338
   67900.000    2373.345    9901.421   62649.029    13772.972   11443.747     2495.686   70343.567
   68000.000    2406.006    8941.811   63245.826    14120.142   11255.013     3928.430   70844.932
   68100.000    2442.023   10097.888   62408.945    14196.142   11731.161     2788.602   70388.431
   68200.000    2357.808   10254.361   62414.609    14139.395   11457.671     2605.990   70235.428
   68300.000    2009.310   10159.426   61165.450    13751.594   11133.262     2533.704   69230.937
   68400.000    2281.793    9284.045   63473.486    14065.774   11813.331     3595.844   71819.139
   68500.000    2187.762    9421.514   62622.854    14122.932   11395.482     3515.611   70644.767
   68600.000    2594.441    9864.009   61715.309    14103.764   11472.955     3178.190   69532.258
   68700.000    2535.121    9016.943   63048.718    13849.348   11573.578     3795.090   71049.860
   68800.000    2631.724    9979.883   62455.960    14186.842   11922.405     3056.793   70596.476
   68900.000    2757.473    9669.996   62326.838    14205.444   11691.300     3347.207   70072.423
   69000.000    2702.316   10294.048   61475.599    14252.002   11651.233     2586.187   69052.749
   69100.000    2542.837   10335.530   61652.015    14027.718   11403.488     2483.522   69304.000
   69200.000    2701.208   10306.154   61310.022    14158.944   11503.640     2765.795   69025.460
   69300.000    2455.627   10842.259   61726.020    14186.746   11436.971     2189.719   69552.596
   69400.000    2592.020    9397.951   61960.832    14449.523   11738.118     3942.114   69997.471
   69500.000    2239.457   10757.293   61867.431    14277.581   11720.682     2379.313   70207.681
   69600.000    2418.480    9454.191   61939.162    14184.468   11398.140     3541.146   69729.691
   69700.000    2322.097    9081.616   63099.999    14229.184   11738.472     3998.428   71367.233
   69800.000    2506.607    8071.295   64210.328    14018.061   11720.942     4712.239   72190.135
   69900.000    2337.299    9384.130   63195.266    14012.247   11924.690     3617.843   71772.384
   70000.000    2397.609   10026.449   61768.673    14387.339   11755.725     3063.181   69829.081
   70100.000    2618.380    9575.133   62541.131    14243.151   11439.608     3661.319   70355.661
   70200.000    2376.170    9618.852   62828.878    13825.554   11475.624     3043.526   70765.155
   70300.000    2347.604    8971.479   62954.698    14165.985   11721.278     4123.560   71257.426
   70400.000    2203.032    8466.665   63716.224    13939.386   11149.914     4611.451   71801.838
   70500.000    2187.829    9332.432   62572.362    13798.150   11083.399     3291.624   70293.837
   70600.000    2432.210    8550.249   63973.832    13811.370   11102.959     4034.516   71417.976
   70700.000    2348.749    9707.856   63030.141    14002.455   11625.844     3362.482   71375.120
   70800.000    2312.816   10458.958   61216.091    14001.973   11452.377     2408.789   69221.425
   70900.000    2084.654    9711.466   62558.923    14068.895   11412.706     3006.845   70536.392
   71000.000    2304.497    8345.140   63955.330    14115.781   11814.979     4564.968   72260.139
   71100.000    2530.809    8915.616   63332.977    14042.038   11522.075     4032.855   71230.675
   71200.000    2614.329   10351.660   62340.794    14061.850   11617.989     2694.767   70329.031
   71300.000    2481.349   10151.776   62908.293    13843.913   11458.213     2661.260   70854.280
   71400.000    2284.515   11302.042   60972.792    14005.800   11553.755     1601.809   69140.083
   71500.000    2477.280    9203.177   62717.972    13994.994   11337.056     3927.756   70713.686
   71600.000    2593.665    8862.025   64208.131    13874.648   11735.449     4040.577   72377.870
   71700.000    2700.712    9679.400   62306.513    14220.933   11397.056     3692.011   70153.335
   71800.000    2666.982    9113.512   63132.811    14416.461   11611.100     4184.119   70958.099
   71900.000    2548.455    8914.218   63735.666    14200.030   11876.648     4156.330   71934.376
   72000.000    2745.575    8812.826   63612.522    14209.751   11576.456     4162.405   71208.883
   72100.000    2606.014    9489.267   62453.582    14119.159   11605.849     3461.393   70284.918
   72200.000    2457.955    9502.321   62951.466    14060.650   11763.936     3444.828   71143.946
   72300.000    2413.823    9031.012   63042.691    14103.182   11642.808     3851.608   71051.114
   72400.000    2234.457    9397.673   62877.637    14241.119   11666.636     3660.595   71126.965
   72500.000    2107.006    8855.253   64332.684    13752.540   11588.387     3893.814   72810.593
   72600.000    2232.302   10283.959   62282.481    13901.246   11220.690     2671.639   70325.221
   72700.000    2048.575   10477.560   61692.066    14135.623   11541.536     2672.502   70199.466
   72800.000    2291.543   10708.217   62296.160    13948.000   11782.426     2179.924   70727.184
   72900.000    2043.088   10076.616   61654.565    13769.573   11591.501     2791.844   70301.866
   73000.000    1857.934   10023.178   62546.175    14171.362   11668.308     3061.200   71269.567
   73100.000    2095.831   10568.905   61157.350    14024.392   11555.225     2677.658   69838.915
   73200.000    1981.459    9991.654   61609.233    13883.782   11743.305     2977.236   70456.188
   73300.000    2033.643    8744.407   63279.568    14039.165   11430.924     4395.085   71777.175
   73400.000    2336.375    8305.161   63969.173    14048.004   11893.358     4808.039   72591.351
   73500.000    2385.598    8785.921   63295.535    14251.398   11590.572     4442.586   71477.619
   73600.000    2416.737    7594.767   64938.860    14045.025   11573.170     5348.928   72993.964
   73700.000    2531.312    8422.771   64586.233    13795.785   11636.719     4533.170   72851.796
   73800.000    2438.063    7840.870   64366.612    13718.367   11400.962     4861.850   72313.863
   73900.000    2579.867    8557.493   63593.122    14263.929   11687.432     4475.980   71470.231
   74000.000    2300.251    7835.711   65789.850    14107.168   11509.890     5329.446   74057.477
   74100.000    2359.650    8444.467   64384.460    14173.627   11686.709     4591.085   72573.445
   74200.000    2555.371    8295.038   64667.665    14323.017   11723.723     4895.042   72703.080
   74300.000    2237.801    8079.211   64652.850    14095.656   11582.736     5206.978   73188.318
   74400.000    2135.074    7903.400   64438.761    14094.202   11605.142     5438.240   73156.266
   74500.000    2032.642    9130.715   63149.621    14238.224   11937.010     4309.674   72256.153
   74600.000    2364.592    8960.049   64061.676    14062.621   11553.122     4438.056   72585.691
   74700.000    2236.582    8898.785   63857.313    14245.352   11977.041     4569.957   72821.163
   74800.000    2316.480    9262.538   63265.003    14050.154   11597.031     4027.256   71785.195
   74900.000    2448.205    9246.813   64406.796    14403.073   11928.037     4162.809   72893.178
   75000.000    2174.493   10525.960   60937.946    14188.050   11793.355     2548.647   69443.364
   75100.000    2197.663   10676.943   60984.016    14096.861   11815.063     2576.472   69757.970
   75200.000    2382.581   10449.397   62070.153    14141.104   11597.076     3058.306   70651.247
   75300.000    2287.589   10141.430   62228.588    14084.329   11510.375     3152.290   70660.765
   75400.000    2535.434    9310.935   62638.479    14037.635   11629.738     3859.130   70865.214
   75500.000    2204.056    9139.582   62099.869    14293.342   11644.336     4357.247   70743.636
   75600.000    2472.800    9710.612   61861.638    13958.945   11658.136     3256.972   70055.613
   75700.000    2302.377   10741.730   61439.169    13966.958   11696.717     2287.939   69896.218
   75800.000    2287.511    9785.262   62835.341    13914.306   11911.477     3165.907   71496.170
   75900.000    2248.450    9401.613   63189.440    14162.701   11726.141     3917.161   71823.204
   76000.000    2322.837    9580.510   62369.954    14315.367   11737.352     3981.845   71031.458
   76100.000    2248.935   10845.439   60715.825    14118.932   11561.601     2390.846   69145.845
   76200.000    2153.564    8982.575   62878.246    14320.562   12039.467     4491.533   71917.694
   76300.000    2290.083   10166.288   61736.268    14053.788   11396.619     2996.615   69951.919
   76400.000    2303.352    9309.539   62759.498    13870.289   11312.556     3681.238   70889.190
   76500.000    2207.279   10755.469   61628.563    14321.431   11762.359     2729.271   70346.953
   76600.000    2122.149   10019.669   62355.981    13972.364   11356.060     3179.953   70817.150
   76700.000    2298.676   10364.855   63437.609    13792.042   11364.500     2542.523   71618.769
   76800.000    2160.645   10035.191   63264.319    14120.434   11686.559     3264.776   71969.766
   76900.000    2073.575    8679.112   63594.985    13918.527   11448.715     4559.234   72289.945
   77000.000    2108.204   10405.895   62788.187    14444.920   11713.870     3219.388   71574.215
   77100.000    2268.586    9664.530   62587.508    14139.848   11689.291     3806.378   71339.273
   77200.000    2040.406    9430.470   62957.128    14203.521   11739.480     3831.668   71714.819
   77300.000    2028.298    9764.996   62608.889    14247.653   12086.493     3597.391   71781.819
   77400.000    2096.744    8897.589   63933.629    14040.394   11835.211     4304.431   72833.723
   77500.000    2316.523    9766.367   62865.762    14249.083   11895.630     3533.570   71495.722
   77600.000    2148.051    8757.264   62887.625    14209.508   11938.316     4615.358   71841.004
   77700.000    2016.780    8761.639   63701.500    14184.151   11800.134     4609.738   72672.079
   77800.000    2135.953   10070.759   62128.682    14579.659   11697.484     3850.329   71031.642
   77900.000    1932.591    9927.865   63002.610    14363.475   11766.430     3767.287   72168.126
   78000.000    2166.269   10152.705   61710.388    13771.515   11612.136     3126.672   70664.118
   78100.000    1776.371    9807.008   62364.691    14349.608   11591.330     3865.015   71502.065
   78200.000    2016.565    9971.116   62152.849    13929.197   11509.912     3360.115   71048.230
   78300.000    1986.183    9930.904   61999.050    14064.781   11419.627     3555.894   70854.510
   78400.000    2004.408   11006.757   60593.093    13844.067   11477.291     2006.915   69235.580
   78500.000    1959.104    9280.287   63011.955    13905.692   11386.281     3854.809   71668.536
   78600.000    2142.370    9718.465   62094.698    14225.123   11659.540     3636.330   70741.540
   78700.000    1843.723    9236.187   62804.016    14084.580   11316.668     4068.044   71496.613
   78800.000    2106.284    8777.115   63375.432    14158.066   11496.318     4595.764   71980.279
   78900.000    2138.845    9509.827   62940.176    14064.895   11515.892     4103.215   71865.370
   79000.000    2096.607    9187.213   62753.510    14087.560   11425.795     4345.847   71528.198
   79100.000    1950.441    8458.176   63516.480    14034.633   11597.519     4790.117   72377.217
   79200.000    1953.364    8242.452   63508.374    14265.767   11818.270     5438.323   72788.288
   79300.000    2006.200    9399.462   62517.710    14140.970   11709.874     4035.036   71514.911
   79400.000    1973.703    9383.257   62021.650    14052.007   11741.820     3848.153   70969.169
   79500.000    1919.962    8925.483   63749.979    13764.908   11344.203     4316.040   72650.834
   79600.000    2125.741   10411.162   60940.422    14395.570   11617.606     2945.436   69393.315
   79700.000    2121.479   10207.114   60990.636    14065.034   11584.207     3017.527   69612.971
   79800.000    2004.340   10796.354   60631.869    14127.748   12002.878     2374.462   69673.475
   79900.000    2123.286   10497.546   62051.878    14303.509   11815.869     3277.507   71216.005
   80000.000    2158.216   10754.651   60469.528    14026.257   11422.915     2399.782   68862.403
   80100.000    2114.672   10160.091   61715.750    14163.212   11723.999     3068.911   70390.867
   80200.000    1998.368    9435.040   62804.508    14046.326   11701.684     3810.211   71706.749
   80300.000    2362.902   10450.949   61747.776    14359.748   11954.256     3007.315   70437.646
   80400.000    2231.838    9713.549   63008.825    13999.236   11731.092     3747.278   71969.670
   80500.000    2044.738    9424.699   62725.062    14041.695   11533.745     3839.320   71436.394
   80600.000    1984.801   10311.643   61778.116    14074.630   11621.913     2780.799   70433.039
   80700.000    2292.038    9572.664   62043.703    13984.233   11314.612     3628.653   70283.361
   80800.000    1893.023    9746.159   62031.333    14355.058   11562.861     3862.005   70954.278
   80900.000    2095.097    8930.692   63101.519    13935.713   11435.509     4219.555   71656.464
   81000.000    2290.170    9266.706   63193.261    14019.811   11531.245     3914.392   71595.622
   81100.000    2347.047    8700.166   63374.988    14169.332   11569.708     4488.885   71617.368
   81200.000    2029.391    9738.316   61748.544    14269.598   11670.683     3732.844   70591.398
   81300.000    2376.011    9503.688   62393.649    14074.752   11557.820     3492.737   70497.132
   81400.000    2210.213    8991.304   63752.076    14046.321   11655.588     3934.435   72076.869
   81500.000    2157.266    9018.386   64223.118    14006.796   11517.838     4193.817   72789.097
   81600.000    2168.437    9421.943   62921.998    14236.434   11623.985     4008.433   71571.487
   81700.000    1977.652    9468.245   62474.659    13877.562   11455.626     3424.584   70967.901
   81800.000    2095.424    9970.786   62138.167    14044.086   11634.963     3147.119   70751.525
   81900.000    2375.888    9658.636   61304.210    14404.405   11660.718     3894.812   69738.082
   82000.000    2192.485   10665.747   60962.339    14199.559   11446.093     2526.492   69208.628
   82100.000    2106.011   10563.733   60716.246    14351.784   12038.485     2930.138   69790.807
   82200.000    1808.136   10129.509   61143.301    14150.832   11583.834     3364.279   70261.954
   82300.000    2229.057   10215.471   60202.478    13680.743   11339.283     2476.985   68324.417
   82400.000    2306.917    8986.876   62875.817    13995.059   11612.433     4025.267   71198.417
   82500.000    2310.527   10350.342   61389.604    14156.138   11649.807     2928.590   69851.677
   82600.000    2109.840    9562.371   61339.211    14178.092   11575.832     3835.348   70024.831
   82700.000    2219.826    9795.796   61638.445    14121.120   11659.548     3401.288   70154.130
   82800.000    2326.775    8933.968   63105.138    14094.939   11437.386     4256.623   71311.401
   82900.000    2500.983    8716.193   62527.367    13907.083   11242.810     3979.591   70057.895
   83000.000    2324.283    9126.886   63013.109    13829.345   11595.351     3571.115   71152.834
   83100.000    2421.120   10076.758   62469.713    13959.557   11312.594     2779.656   70258.045
   83200.000    2288.316    9656.353   62443.655    13974.951   11583.454     3282.557   70702.752
   83300.000    2185.628    9611.767   62326.545    14109.409   11464.699     3441.321   70549.295
   83400.000    2070.309    9709.067   62304.605    14278.032   11533.147     3537.614   70736.091
   83500.000    1991.817   10310.626   61675.800    14000.020   11652.791     2738.800   70386.181
   83600.000    2112.581    9555.558   62364.350    13797.730   11311.039     3415.929   70736.563
   83700.000    2160.025    8712.996   63275.751    14202.738   11633.672     4485.194   71744.849
   83800.000    2176.092   10127.587   61326.397    13853.089   11425.278     2714.056   69564.136
   83900.000    1877.490    9745.533   61706.978    14228.745   11749.803     3387.004   70483.083
   84000.000    2049.563    9721.062   61387.195    14090.785   11757.323     3139.373   69864.605
   84100.000    2107.587    9902.328   61490.103    14000.774   11693.406     3043.319   70020.794
   84200.000    2336.119   10184.120   62076.585    14143.409   11607.757     2955.592   70344.527
   84300.000    2361.609    9207.000   62442.156    14222.134   11575.880     3612.294   70253.587
   84400.000    2234.999   10151.910   62039.056    14077.576   11798.433     2655.695   70332.518
   84500.000    2450.915   10219.653   62403.273    14200.081   11580.673     2817.015   70369.617
   84600.000    2474.253   10116.850   61314.954    14275.844   11853.926     2843.286   69378.919
   84700.000    2325.549    9207.384   62760.803    14415.216   11642.951     3894.958   70765.330
   84800.000    2352.704    9373.846   62135.521    14384.469   11622.493     3738.971   70133.659
   84900.000    2534.347    9139.633   62989.112    14122.224   11868.279     3636.770   70977.223
   85000.000    2779.873    8719.593   63559.956    14179.101   11570.839     3943.578   70834.992
   85100.000    2534.008    8636.445   63204.104    14097.789   11423.080     4203.513   70835.345
   85200.000    2298.301   10446.060   61094.180    14005.783   11630.691     2337.051   69203.899
   85300.000    2246.323   10163.451   61381.439    13934.486   11324.935     2392.986   69082.002
   85400.000    2533.392   10486.544   60558.014    14472.654   12058.614     2607.388   68704.513
   85500.000    2494.859   10590.748   60540.016    14119.858   11518.970     2315.705   68350.722
   85600.000    2428.838   10214.041   60847.422    14030.076   11392.160     2631.460   68626.169
   85700.000    2702.795   10939.614   60604.639    13978.577   11530.396     1964.632   68357.908
   85800.000    2494.263   10184.131   61108.127    13999.970   11670.245     2549.915   69018.185
   85900.000    2380.889   10515.705   61036.605    13952.941   11652.477     2096.866   68967.823
   86000.000    2581.760   10604.517   61212.447    14182.036   11843.538     2251.457   69148.162
   86100.000    2282.838    9204.249   62165.044    13955.624   11400.396     3499.635   70030.862
   86200.000    2553.063    9853.642   61992.796    14142.444   11328.117     2867.631   69346.680
   86300.000    2418.891   10194.440   61610.535    14213.831   11643.264     2545.287   69360.804
   86400.000    2657.343    9721.608   61662.129    14348.868   11870.929     3207.230   69455.686
   86500.000    2403.067   10159.180   61180.800    14312.903   11953.198     2905.929   69483.136
   86600.000    2460.288    9722.545   60678.601    14255.479   11920.448     3541.512   69147.339
   86700.000    2359.244   10286.305   60567.518    14144.839   11532.360     2736.871   68618.971
   86800.000    2126.077   10353.088   60125.276    14403.911   11882.569     2761.444   68592.389
   86900.000    2264.544   10354.308   60560.010    13789.382   11298.317     2130.606   68289.315
   87000.000    2291.513   11125.411   60244.898    14158.626   11607.528     1664.991   68192.688
   87100.000    2278.796   11981.443   58802.630    14120.347   11655.653      870.185   66910.768
   87200.000    2227.786   10786.139   60394.437    14379.052   11878.401     2277.758   68729.897
   87300.000    2251.490   11387.515   59709.821    14128.914   11790.065     1423.576   67930.571
   87400.000    2376.005    9530.010   62019.591    14335.332   11621.940     3357.520   69817.725
   87500.000    1926.192   10023.185   60890.663    14070.603   11664.247     2900.066   69481.366
   87600.000    2513.774    8794.807   62401.485    14153.570   11903.223     3802.415   70234.585
   87700.000    2476.371    9432.945   61179.665    14135.340   11915.878     3097.881   69014.658
   87800.000    2812.582    9321.684   61675.188    14256.685   11679.374     3413.718   69020.698
   87900.000    2385.335    8710.583   63126.110    14164.965   11980.396     4039.537   71306.327
   88000.000    2896.676    8566.991   63467.692    14009.678   11856.502     3925.993   70910.825
   88100.000    2384.717    9022.772   63279.193    13891.191   11295.073     3623.276   70944.406
   88200.000    2309.896    8690.190   63347.415    14180.680   11825.822     4101.387   71474.237
   88300.000    2414.452   10356.802   60811.695    14169.683   11616.841     2363.200   68564.403
   88400.000    2504.052   10010.269   60560.354    14244.587   11976.778     2725.436   68524.197
   88500.000    2504.929   10608.181   62162.221    14256.822   11894.180     2107.910   70010.740
   88600.000    2486.472   10734.650   60331.121    14260.792   11723.660     1973.846   68016.012
   88700.000    2672.223   10360.138   60671.841    14166.965   11892.401     2663.735   68748.926
   88800.000    2320.949   10473.379   60952.243    14158.258   11544.187     2250.829   68741.431
   88900.000    2445.744   10756.311   60984.339    14070.005   11473.182     2010.246   68708.329
   89000.000    2557.587    9721.635   62735.250    14042.947   11460.309     2950.863   70267.523
   89100.000    2589.250   10029.528   60984.349    14091.132   11483.596     2786.304   68603.395
   89200.000    2323.857    9416.670   62808.198    14148.738   11425.579     3495.388   70673.240
   89300.000    2416.812    9558.587   63319.572    13917.993   11421.687     3064.538   71029.579
   89400.000    2553.218    9533.607   61593.918    14118.446   11610.556     3307.507   69373.924
   89500.000    2489.197    9199.763   62247.994    13980.845   11611.608     3484.337   70073.659
   89600.000    2380.452    9539.308   62144.230    14089.935   11816.985     3247.897   70278.033
   89700.000    2720.777   10021.473   61990.673    14275.993   11635.525     2884.062   69534.962
   89800.000    2639.753    9212.444   62434.566    14376.142   11796.458     3824.636   70252.208
   89900.000    2592.441   10035.463   60844.566    14156.402   11823.508     2729.843   68684.536
   90000.000    2494.646   10546.223   60899.060    14246.893   11574.995     2302.439   68581.178
   90100.000    2619.959   11394.698   60532.909    14276.604   11803.857     1515.381   68350.282
   90200.000    2487.752    9384.074   62257.074    14153.402   11613.335     3187.632   69800.961
   90300.000    2419.393   11047.392   60664.145    14342.198   11865.678     1799.183   68614.807
   90400.000    2467.584   10307.507   61948.180    14044.114   11513.958     2291.131   69549.077
   90500.000    2386.053   10457.874   61763.429    14217.089   11825.347     2493.027   69936.535
   90600.000    2109.793   10662.698   60938.368    14078.133   11803.736     2126.506   69343.382
   90700.000    2197.232    9989.410   61855.768    13934.607   11498.322     2802.058   70013.719
   90800.000    2278.236    9969.327   61340.188    14082.219   11894.500     3012.630   69856.189
   90900.000    2304.220    9829.103   62400.586    13891.465   11402.885     3064.213   70501.102
   91000.000    2226.274    9782.063   63156.290    14021.442   11356.583     3166.915   71214.133
   91100.000    1958.799    9663.720   61888.789    13917.918   11561.315     3059.356   70296.463
   91200.000    2199.885   10413.173   60778.002    14190.145   11834.202     2820.407   69455.754
   91300.000    2303.396    9946.956   61775.496    14158.931   11849.963     3065.407   70175.495
   91400.000    2170.958    9160.032   63263.166    13951.942   11443.537     3587.615   71331.450
   91500.000    2263.158    9576.609   62041.752    14337.404   11838.643     3494.410   70350.853
   91600.000    2198.556    9731.590   61259.383    14056.573   11801.258     3033.308   69570.411
   91700.000    2267.866    9662.578   62225.062    14072.504   11636.410     3259.179   70442.859
   91800.000    2285.989    9904.839   62064.804    14461.358   11711.719     3281.463   70215.478
   91900.000    2294.747   10357.672   61407.502    14543.480   12012.981     2925.282   69865.210
   92000.000    2420.191    9952.812   61643.982    13910.035   11542.993     2722.933   69532.494
   92100.000    2249.315   10152.537   61455.910    14120.681   11715.337     2713.754   69667.541
   92200.000    2014.636   10196.602   61967.012    14069.900   11358.472     2636.284   70073.833
   92300.000    2384.345    9742.153   61952.709    13962.551   11336.152     3057.719   69741.837
   92400.000    2179.903    9656.202   61867.259    14200.749   11474.426     3463.567   70080.802
   92500.000    2346.655   10067.298   62129.458    14268.203   11804.182     3044.587   70430.666
   92600.000    2476.688    9865.791   62290.932    14146.961   11664.767     3272.243   70470.084
   92700.000    2411.874   10641.151   60952.912    14131.479   11980.969     2559.119   69590.797
   92800.000    2228.912   10584.108   60546.639    13794.124   11438.774     2186.383   68732.868
   92900.000    2030.485   10386.520   60485.282    13942.917   11341.859     2719.740   68959.999
   93000.000    2365.673   10745.443   60947.640    14064.665   11625.497     2219.066   69107.308
   93100.000    2062.834   10402.711   60559.733    13944.225   11646.617     2433.918   69035.921
   93200.000    2028.295   11408.036   59605.360    14055.448   11605.597     1670.943   68206.194
   93300.000    2110.793   10100.731   61017.433    14020.580   11403.739     3066.996   69457.526
   93400.000    2105.079   10661.201   59789.774    14089.694   11657.887     2498.854   68412.942
   93500.000    2341.626   10947.153   59423.134    13997.266   11497.011     2128.016   67656.423
   93600.000    2212.480   10998.651   60220.413    13947.195   11656.792     1909.624   68625.805
   93700.000    2245.646   10934.962   59583.531    14059.633   11399.326     1919.733   67532.273
   93800.000    2214.951    9726.766   61155.742    13990.194   11351.632     3134.601   69163.596
   93900.000    2293.382   10548.091   60839.942    14123.553   11652.312     2236.041   68859.450
   94000.000    2297.572   10041.586   61217.829    13953.280   11420.394     2780.400   69209.357
   94100.000    1907.365   10689.707   60667.952    14008.842   11784.915     2297.870   69524.237
   94200.000    2098.939   10531.076   61260.855    14292.532   11769.000     2829.684   69999.145
   94300.000    2214.401    9507.352   63590.622    14140.302   11632.937     3416.864   71793.072
   94400.000    1862.477   10077.860   62573.189    13984.866   11424.870     3010.328   71238.904
   94500.000    2187.394    9653.390   61755.196    14168.570   11371.757     3398.620   69823.000
   94600.000    2181.361   11074.601   59831.559    14157.997   11739.065     1789.242   68095.110
   94700.000    2230.358   10798.242   61170.151    13909.114   11460.531     1864.042   69153.495
   94800.000    2348.320   10280.863   60995.315    14048.735   11360.887     2691.228   68931.238
   94900.000    2171.942    9387.471   61115.034    13856.222   11728.388     2993.388   69196.117
   95000.000    2461.895    9781.158   61254.446    13995.755   11685.107     2888.882   69151.943
   95100.000    2211.949   10381.565   60733.850    14054.211   11477.305     2384.822   68711.381
   95200.000    2443.539   11484.897   60554.147    13938.703   11466.387     1305.001   68428.190
   95300.000    2139.623   11333.523   60061.331    14146.086   11677.496     1549.610   68336.249
   95400.000    2461.804   10586.050   59909.057    14258.523   11549.043     2074.293   67398.115
   95500.000    2305.977    9783.074   62544.404    13822.880   11327.713     2482.318   70008.651
   95600.000    2383.992    9513.177   62470.852    14031.910   11439.303     2988.150   69995.580
   95700.000    2391.281   10276.455   60754.697    13833.590   11293.036     2151.907   68251.223
   95800.000    2368.095    9140.554   63116.668    14011.832   11610.700     3534.551   71022.547
   95900.000    2331.563    8876.252   63341.822    14117.779   11537.019     3615.614   70921.366
   96000.000    2443.304    9740.319   61865.311    13922.134   11367.329     2985.081   69592.601
   96100.000    2463.963   10682.462   60783.693    14010.948   11674.308     1876.902   68542.454
   96200.000    2510.494    9595.455   62655.216    14061.177   11585.523     2948.128   70212.652
   96300.000    2307.886   10062.448   62133.083    13976.012   11592.300     2377.911   69881.843
   96400.000    2132.202   10268.221   61108.154    14156.248   11742.670     2466.832   69297.427
   96500.000    2600.074   10351.938   61341.160    14192.336   11624.349     2385.187   68910.223
   96600.000    2337.439    9239.662   63815.242    13960.908   11605.261     3308.437   71670.254
   96700.000    2733.333    8863.991   63543.436    14065.150   11541.652     3688.489   70839.084
   96800.000    2505.587    9582.661   61906.277    13954.876   11501.446     2981.384   69511.305
   96900.000    2356.902    8968.120   63317.026    13953.907   11890.717     3679.007   71544.061
   97000.000    2514.235    9970.367   61834.889    14194.040   11605.190     2801.156   69503.327
   97100.000    2109.414    9430.081   62177.575    14170.249   11292.865     3598.759   70219.617
   97200.000    2291.344    9807.825   61692.570    14057.666   11341.374     3103.720   69596.480
   97300.000    2282.320   10217.261   60989.901    13967.187   11567.673     2562.791   69088.120
   97400.000    2129.393   10218.644   60972.955    14102.834   11679.845     2612.600   69251.815
   97500.000    2145.609    9947.896   61489.849    14340.319   11859.800     2976.652   69788.270
   97600.000    2271.688   10436.271   60502.379    13895.992   11459.280     2085.391   68315.641
   97700.000    2558.409    9835.287   60876.636    13980.414   11355.538     2550.781   68079.418
   97800.000    2258.752   10151.030   61181.110    14388.485   11586.709     2680.058   68951.670
   97900.000    2822.550    9783.992   60129.669    14128.999   12053.867     2561.413   67577.391
   98000.000    2740.584    9846.713   60779.194    14188.448   11634.787     2915.802   68247.463
   98100.000    2818.790    9615.512   60823.370    14032.978   11418.862     3020.390   68026.365
   98200.000    2763.644    9995.174   59882.825    14301.807   11648.520     2893.879   67354.947
   98300.000    2898.211   11953.538   58937.974    14328.134   11980.954      551.931   66198.051
   98400.000    2641.961    9972.515   60018.692    14272.275   11589.790     2789.199   67455.960
   98500.000    2658.077    9923.035   60037.009    14090.198   11250.605     2623.677   67086.051
   98600.000    2902.495   10274.228   60644.045    14340.061   11741.797     2386.904   67804.418
   98700.000    2744.604   10534.146   59785.103    14204.453   11484.565     2037.352   66892.109
   98800.000    2751.768   10595.409   59838.216    14249.658   11687.155     2041.223   67160.577
   98900.000    2618.812   10479.502   59589.054    14179.653   11492.369     2184.924   66947.384
   99000.000    2560.036   10265.823   60270.702    14092.271   11587.622     2619.095   68090.935
   99100.000    2809.125    9819.284   60361.528    13954.905   11700.205     2872.243   67989.228
   99200.000    2575.472   10737.191   59825.600    14287.579   11513.549     2107.439   67320.728
   99300.000    2565.439    9727.965   60671.204    14202.586   11759.404     3198.006   68588.554
   99400.000    2565.661    9533.130   61143.813    14083.074   11436.342     3365.904   68830.455
   99500.000    2509.793   10353.775   61120.062    14281.719   11332.774     2491.189   68506.287
   99600.000    2364.056   11057.193   59805.645    14042.973   11557.463     1342.365   67355.637
   99700.000    2603.357   10383.756   60333.380    14371.521   11501.859     2604.904   67849.022
   99800.000    2610.564    9887.526   59927.224    14248.987   11755.789     2791.581   67502.568
   99900.000    2537.949    9945.348   60561.569    14076.719   11745.075     2738.056   68375.380
  100000.000    2538.708   10174.092   61020.346    14193.261   11561.585     2821.375   68845.430
