        Time	Energy		x1				x2			x3				x4			x5			x6	
       0.000    3978.547   38912.863   62259.879    11206.603   10254.710   30483.928   65758.373
     100.000    3755.547    9753.289   64491.530    13700.546   10803.288     1218.924   68810.937
     200.000    3393.785   10067.692   64222.856    13819.468   10782.056     1260.349   69119.701
     300.000    3809.772    9885.933   63248.147    13495.148   10855.953     1033.197   67718.310
     400.000    3337.309   10274.425   61664.599    13635.635   10492.894      763.120   66222.094
     500.000    3716.853   10083.782   63223.530    13687.304   11058.532     1220.076   68181.763
     600.000    3080.293   11014.518   62063.789    13668.067   10747.052      237.445   67314.444
     700.000    3273.523   10130.017   61970.771    13648.575   10549.711     1039.839   66768.241
     800.000    3168.275   10217.081   62318.663    13724.395   10747.326      900.376   67290.776
     900.000    3168.555   10619.590   61455.671    13909.969   10896.609      434.571   66327.916
    1000.000    3337.163    9993.699   62505.080    13741.344   10520.089     1368.697   67309.058
    1100.000    3193.014    9544.294   62798.890    13555.892   10654.665     1558.206   67807.148
    1200.000    2881.952   11365.325   60625.416    13646.118   10787.224     223.441   66026.454
    1300.000    3215.728   10638.532   61175.207    13731.801   10785.027      338.427   65989.663
    1400.000    3165.789   11064.510   60209.523    13773.795   11057.328      218.249   65610.026
    1500.000    3140.942    9794.752   61659.484    13994.507   10893.231     1810.630   67022.647
    1600.000    3348.790    9756.147   62338.003    13656.034   10875.218     1344.144   67308.689
    1700.000    3193.514    9878.625   62651.768    13649.500   10938.549     1273.116   67899.044
    1800.000    3228.650    8663.550   63401.388    13906.738   10975.676     2844.874   68750.100
    1900.000    3327.025    9603.561   62255.429    13748.108   11130.690     1785.852   67700.398
    2000.000    3282.480    8126.780   64728.825    13619.404   10912.284     3047.534   69913.540
    2100.000    3483.453    9270.070   63028.668    13976.700   11481.608     2003.201   68323.394
    2200.000    3113.837    9561.170   62419.092    14034.407   11595.602     1710.298   68137.918
    2300.000    3164.047    9856.401   62206.338    13906.723   11518.291     1215.556   67725.815
    2400.000    3192.992    9946.697   63067.564    13667.394   11005.323     1159.944   68319.143
    2500.000    3227.853    8976.930   63564.845    13975.696   11441.002     2260.065   69039.294
    2600.000    3106.456    8958.710   64466.081    13956.634   11151.847     2284.050   69797.598
    2700.000    3190.390    8751.593   63702.149    14109.315   11332.666     2716.957   69203.661
    2800.000    2986.241    9440.768   63575.695    14184.614   11531.240     2157.912   69534.760
    2900.000    3093.958   10643.295   62209.188    13934.038   11476.610      673.016   67974.113
    3000.000    3151.478   11010.501   60568.004    13881.125   11376.609      331.077   66253.588
    3100.000    3306.767   10353.417   61550.807    13860.781   11336.353      680.786   66753.814
    3200.000    3414.878    9856.327   61822.806    13717.402   11393.133     1011.867   66951.853
    3300.000    3171.624    9291.359   63255.501    13692.946   11273.483     1925.962   68881.735
    3400.000    3431.447    9936.596   62929.136    13944.650   11244.964     1108.319   67842.918
    3500.000    3332.898   10102.550   60755.457    13946.788   11395.872      830.825   65805.017
    3600.000    3467.762    9288.230   63079.279    13868.884   11000.104     1976.078   68007.045
    3700.000    3331.928    9823.943   62473.234    14041.498   11482.656     1420.350   67826.756
    3800.000    3538.363   10653.013   61944.805    13916.762   11067.797      364.269   66574.758
    3900.000    3470.603    8371.732   63879.099    13961.531   11440.441     2440.583   68699.722
    4000.000    3357.836    8668.911   64273.585    14231.287   11731.159     2578.284   69662.817
    4100.000    3345.301    8700.515   63628.619    14047.818   11635.094     2465.182   69036.292
    4200.000    3185.270    8919.678   63918.776    13824.848   11316.505     1917.041   69061.883
    4300.000    3301.797    8244.621   64396.516    14213.728   11415.877     3174.376   69715.865
    4400.000    3267.625    9308.843   63510.653    13874.251   11581.393     1730.358   68989.372
    4500.000    3117.286    9127.497   63874.272    13721.604   11507.552     1799.841   69470.272
    4600.000    3420.078    8987.509   64671.899    13729.921   11277.150     1966.902   69753.460
    4700.000    3264.613    8397.531   64802.390    13952.907   11401.907     2782.232   70166.540
    4800.000    3383.063    9090.233   64002.093    14139.976   11544.026     1856.253   68969.566
    4900.000    3476.847    8076.077   65206.720    13964.205   11260.724     2935.831   70038.301
    5000.000    3195.581    8480.480   65630.049    13798.809   11284.846     2004.971   70405.957
    5100.000    3495.561    8087.068   65826.165    14004.862   11421.046     2864.752   70698.609
    5200.000    3185.465    9576.389   62624.986    13795.162   11035.170     1064.123   67320.039
    5300.000    3118.562    9234.211   63529.776    13956.997   11300.295     1585.958   68574.680
    5400.000    3431.326    9670.019   63689.111    13935.018   11489.919     1169.996   68652.699
    5500.000    3303.825    9120.760   64346.243    13984.009   11116.159     1418.666   68713.995
    5600.000    3266.753   11042.780   61446.253    13646.116   10957.427     481.026   66052.564
    5700.000    3215.011    9161.551   64335.466    14001.771   11166.876     1428.853   68875.964
    5800.000    3254.196   10529.606   62729.071    13682.863   11113.364      200.969   67635.950
    5900.000    3384.854    9369.766   63885.932    13883.271   11125.878     1595.805   68709.256
    6000.000    3467.262   10830.528   62395.435    14035.582   11400.743      261.159   67385.021
    6100.000    3241.200    8669.432   64657.271    13971.862   10951.115     2132.578   69197.333
    6200.000    3230.852    7556.684   66231.517    13911.790   11234.133     3329.233   71208.925
    6300.000    3333.408    8867.180   64412.604    13749.713   10989.364     2009.950   69195.976
    6400.000    3108.791    9161.193   63580.209    14193.364   11464.827     2111.626   69015.699
    6500.000    2982.127    9086.657   63891.111    13862.446   11146.514     1961.272   69240.980
    6600.000    3313.111    9676.208   63505.955    13755.102   11235.266     1287.280   68636.496
    6700.000    3128.994   10716.300   62519.745    13886.770   11297.382      162.559   67680.221
    6800.000    2967.003    9457.126   62965.255    13875.758   11126.588     1762.331   68468.540
    6900.000    3039.656    9671.363   62587.311    13885.329   11228.886     1475.676   68038.250
    7000.000    3098.618    9811.485   62979.457    13986.327   11215.589     1532.813   68454.399
    7100.000    3215.578    8783.385   63900.635    13944.697   11540.702     2411.178   69475.624
    7200.000    3162.794    8602.150   64309.950    13884.722   11113.161     2474.077   69451.822
    7300.000    3157.645    8670.351   64273.082    14016.003   11204.894     2526.085   69500.765
    7400.000    3331.143    8736.470   63850.821    13843.497   11146.196     2366.499   68925.345
    7500.000    3098.976    9778.011   62082.490    13920.681   11185.101     1482.791   67508.736
    7600.000    3195.757    9697.824   63584.164    13891.096   11115.128     1208.913   68519.177
    7700.000    3263.447    9951.677   62297.154    14203.341   11377.334     1512.755   67672.132
    7800.000    3293.837    9980.689   62877.272    13784.202   11034.253     1071.819   67885.994
    7900.000    2744.814   10067.925   62692.258    13916.496   10968.606     1257.891   68325.371
    8000.000    2933.852   10274.754   62768.465    14093.076   11361.721     1251.804   68629.817
    8100.000    3056.969    9987.993   63136.724    13611.643   11122.086     1094.788   68672.979
    8200.000    3154.409   10286.728   62230.449    14006.242   11192.129      935.854   67484.509
    8300.000    3075.248   10245.079   61865.460    13887.510   11303.962     1145.269   67597.013
    8400.000    3026.842    9573.424   63238.687    13616.164   11043.067     1293.246   68505.417
    8500.000    3100.270    9641.471   63115.462    14208.194   11448.804     1930.520   68827.794
    8600.000    3305.027    9684.902   62777.058    13881.532   11198.392     1725.047   68198.841
    8700.000    3374.828   10137.472   62077.434    13907.346   11289.778      872.731   67095.242
    8800.000    3413.897    9557.283   62399.279    13865.354   11401.475     1576.182   67654.968
    8900.000    3281.341    9952.596   62227.291    13958.654   11159.464     1457.331   67556.687
    9000.000    3278.225    9879.852   62493.020    13813.452   11153.070     1337.348   67771.612
    9100.000    3110.744   10156.774   62297.666    13801.407   11119.407     1251.462   67913.158
    9200.000    3160.923   11021.605   61339.329    13759.641   11270.922      226.962   66938.254
    9300.000    2922.537   11038.751   60817.374    13776.160   11072.614      216.420   66446.461
    9400.000    3453.750   10364.514   61674.761    13797.353   11480.065     1270.186   67538.424
    9500.000    3179.447    9911.709   62042.665    14054.333   11468.096     1479.165   67667.857
    9600.000    3317.732   11773.558   60126.838    13941.847   11482.038     538.066   65584.790
    9700.000    3279.011   10370.899   61831.455    13872.945   11470.342      812.629   67333.368
    9800.000    3268.021   10692.039   62168.294    13656.430   11468.928      339.577   67744.388
    9900.000    3094.585    9885.727   61946.675    13792.412   11572.935     1469.517   67987.857
   10000.000    3027.239   10824.367   60953.305    13810.134   11400.195      547.292   66887.786
   10100.000    2937.115   11183.939   60840.865    13756.613   11271.570      354.650   66957.298
   10200.000    2959.371   10998.171   61312.412    13680.809   11438.764      492.320   67601.486
   10300.000    3005.457   11012.706   61055.138    13469.755   11170.815      177.630   66941.077
   10400.000    2734.288   11099.915   60266.624    13776.796   11356.714      519.153   66731.322
   10500.000    2676.787   10423.399   61710.571    13810.602   11392.837      889.520   67928.938
   10600.000    3017.455   10369.136   60731.765    13910.788   11317.836     1220.962   66711.456
   10700.000    2925.745   10335.714   62465.088    13755.656   11570.118      868.174   68557.692
   10800.000    3052.867   10828.808   61213.406    13286.463   11176.977        4.295   66884.156
   10900.000    3057.513   10051.108   62429.794    13732.781   11434.738     1070.868   68196.214
   11000.000    2824.400    9947.095   62909.199    13731.822   11417.991     1158.999   68877.063
   11100.000    2803.302   10586.378   62607.721    13510.828   11204.961      352.581   68437.512
   11200.000    2822.879   10616.399   62155.277    13709.304   11340.485      480.660   68060.638
   11300.000    2869.440   10818.769   61975.042    13762.676   11250.543      482.288   67894.526
   11400.000    2997.258   10013.524   62407.734    13680.201   11740.559     1319.445   68803.804
   11500.000    3007.764   10545.173   61919.748    13480.103   11256.822      516.370   67750.245
   11600.000    2729.323   10794.561   61809.215    13925.363   11546.936      566.919   68062.945
   11700.000    2636.400    9916.406   62449.407    13774.236   11209.051     1434.198   68598.426
   11800.000    3052.253    9193.906   63906.836    13909.742   11428.934     2279.041   69846.721
   11900.000    2902.837    9561.977   63426.765    13889.911   11633.881     1957.804   69787.678
   12000.000    2937.615    9866.480   63053.211    13958.784   11470.326     1649.953   69143.572
   12100.000    2693.713    9916.891   62405.017    13617.981   11140.334     1262.537   68413.085
   12200.000    2987.756    9966.657   62630.615    13743.105   11540.134     1548.537   68955.082
   12300.000    2927.478    9846.025   62550.271    13732.737   11410.339     1627.655   68774.074
   12400.000    3024.464   10364.643   62067.336    13839.357   11181.573      651.492   67401.223
   12500.000    2989.879   10275.632   62307.196    13583.838   10876.974      706.966   67593.051
   12600.000    2860.219   10625.467   62374.134    13590.259   10752.240      375.460   67676.824
   12700.000    2564.529   10601.216   60829.583    13792.696   11278.436      686.580   67038.589
   12800.000    2908.613   10594.233   61455.633    14008.268   11509.978      758.175   67401.140
   12900.000    2802.564   11365.837   61054.942    13819.797   11388.754     230.308   66956.865
   13000.000    3099.158   11293.379   60952.728    13650.472   11217.165      104.068   66817.710
   13100.000    3052.178    9591.016   63284.096    13834.458   11459.967     1757.246   69205.689
   13200.000    2866.709   10254.717   60746.355    13791.783   11102.803      924.301   66369.685
   13300.000    2854.686   10013.214   61261.985    13728.530   11419.364      810.058   66921.406
   13400.000    3041.548   10759.158   61079.931    13704.387   11313.939      166.658   66573.750
   13500.000    2916.424    9663.381   62879.785    13627.297   11135.736     1336.583   68471.763
   13600.000    2973.041   11540.873   61189.821    13832.215   11429.912     553.468   66801.883
   13700.000    3159.528    9853.360   61932.478    13836.578   11468.839     1152.242   67410.814
   13800.000    3147.915   10452.490   61933.097    13478.343   11268.917      432.090   67460.336
   13900.000    3039.244   10210.723   61947.048    13735.023   11122.471      851.531   67357.505
   14000.000    3207.303   10416.277   62215.947    14070.413   11303.652      658.219   67316.379
   14100.000    3163.194    9717.683   61717.204    13689.699   10848.045     1059.783   66489.822
   14200.000    2944.800   10348.727   61969.669    13851.199   11386.088      887.176   67795.661
   14300.000    2994.956   10516.375   61866.071    13601.906   11441.772      746.273   67973.630
   14400.000    2646.452   10620.839   62101.042    13741.759   11176.913      643.048   68153.631
   14500.000    2990.681   10447.714   62797.271    13837.846   11493.104      767.705   68677.268
   14600.000    2924.396   10233.333   62720.587    13758.292   11253.980     1216.962   68742.175
   14700.000    3046.114   10967.353   61517.030    13994.681   11485.590      407.483   67336.661
   14800.000    2778.135   11378.012   60928.496    13689.824   11511.403     177.778   67172.174
   14900.000    2803.567    9868.159   61961.473    13764.553   11394.214     1658.058   68313.785
   15000.000    2762.647    9841.485   62857.404    13902.164   11434.865     1917.302   69386.245
   15100.000    2830.659   10144.098   61612.670    13763.541   11476.966     1335.716   67975.249
   15200.000    2785.673   10137.735   62295.190    13961.497   11729.987     1706.623   69122.366
   15300.000    2756.730   10487.585   61036.890    14036.797   11532.703     1527.129   67790.779
   15400.000    2457.826    9811.828   61876.409    13885.726   11441.562     2157.864   68944.112
   15500.000    2469.390   11066.798   61157.940    13982.211   11350.102      866.080   67989.318
   15600.000    2547.763   10458.181   60693.796    13764.664   11236.940     1043.507   67119.997
   15700.000    2367.773   10920.954   60574.780    13878.105   11402.687      714.111   67366.652
   15800.000    2893.380   11042.868   61115.368    13961.818   11415.758      404.132   67122.928
   15900.000    2707.947    9978.886   62109.672    13796.574   11456.837     1322.520   68363.394
   16000.000    2880.009    9690.215   62942.197    13635.883   11298.158     1422.995   68837.674
   16100.000    2731.817   10392.921   62178.248    13742.787   11395.341      817.313   68309.218
   16200.000    2702.733   10053.817   62530.382    13764.994   11393.819     1184.665   68694.955
   16300.000    2630.727    9646.400   62312.615    13659.157   11426.588     1458.114   68553.833
   16400.000    2629.819   10845.876   60269.568    13886.859   11266.718      738.219   66603.702
   16500.000    2744.560   10618.645   60548.424    13642.676   11173.007      844.268   66797.109
   16600.000    2523.830   11248.439   60054.279    13627.639   11087.186      265.758   66504.194
   16700.000    2612.454    9390.486   62420.039    13973.694   11452.059     1948.446   68624.884
   16800.000    2914.180   10406.313   61764.029    13987.047   11680.474      901.903   67851.491
   16900.000    2700.057    9879.345   62418.505    13824.481   11478.451     1412.587   68664.350
   17000.000    2725.933    9550.234   62936.598    13807.517   11361.432     1948.735   69263.549
   17100.000    2773.784    9831.934   62227.122    13780.776   11379.318     1497.925   68381.737
   17200.000    2619.466    8293.588   64512.622    14007.472   11499.354     3637.060   71315.686
   17300.000    2861.757    9033.208   63611.730    13667.030   11302.308     2533.646   69952.106
   17400.000    2700.100    9617.076   62368.467    13756.641   11423.913     1814.671   68767.386
   17500.000    2450.758   10105.461   62242.674    13841.543   11353.084     1399.518   68808.437
   17600.000    2796.186    9392.599   63341.066    13710.553   11415.420     2006.900   69649.246
   17700.000    2788.519    9321.217   63228.535    13733.953   11423.199     2298.142   69748.622
   17800.000    2646.980    8592.834   64636.724    13809.021   11460.326     2799.024   71032.906
   17900.000    2546.740    8772.276   64560.692    13864.585   11518.297     2788.644   71228.584
   18000.000    2638.395    9172.914   63302.327    13742.595   11270.157     2200.512   69564.922
   18100.000    2839.624    8934.657   63480.535    13893.575   11468.384     2475.427   69625.805
   18200.000    2839.592    8254.078   64513.679    13710.851   11522.551     2897.031   70636.896
   18300.000    2858.815    9103.590   63717.998    13952.202   11401.473     2517.382   69929.425
   18400.000    2788.584    9393.212   64226.126    13741.824   11440.361     1725.851   70255.141
   18500.000    2561.636    8495.203   65127.827    13906.302   11232.284     2652.699   71040.075
   18600.000    3112.070    9082.193   64111.945    13557.030   11355.074     2039.136   69919.249
   18700.000    2882.626    8465.271   64315.087    13768.399   11449.437     2582.079   70160.849
   18800.000    2696.634    9082.399   64375.378    13785.406   11673.590     2355.239   71004.565
   18900.000    3118.520    8464.384   64421.706    13654.836   11553.856     2550.200   70216.789
   19000.000    2573.604    9284.589   63322.659    13867.215   11607.408     2208.581   69982.418
   19100.000    2611.928   10149.841   62866.703    13680.298   11161.670     1060.160   68946.148
   19200.000    2668.178    9769.666   62753.105    13607.735   10997.795     1601.587   68846.240
   19300.000    2423.623    7748.623   66156.822    13539.584   11112.296     3610.670   72665.204
   19400.000    2544.870    9052.037   63504.930    13832.733   11225.654     2858.877   70263.896
   19500.000    2362.203   10417.403   62263.252    13755.745   11117.918     1348.475   69029.101
   19600.000    2613.888   10213.569   62264.383    13597.106   11257.705     1171.752   68696.415
   19700.000    2499.215    9715.489   62487.057    13633.575   11042.556     1688.848   68801.160
   19800.000    2564.577    9878.006   62297.143    13511.016   11210.831     1282.263   68592.650
   19900.000    2310.823   11234.727   60829.693    13706.296   11117.534      331.380   67496.214
   20000.000    2326.733   10741.466   61066.574    13616.073   11120.518      628.051   67613.803
   20100.000    2481.613   10398.834   61732.242    13929.301   11472.572      957.214   68149.948
   20200.000    2488.405   10483.636   61818.638    13924.080   11323.456     1116.500   68329.746
   20300.000    2687.083    9739.540   62609.282    13712.447   11430.253     1754.260   69133.805
   20400.000    2394.696    9451.482   62589.892    13928.405   11597.978     2133.736   69449.988
   20500.000    2229.497    9881.808   62489.520    13966.199   11659.029     1654.477   69489.140
   20600.000    2427.481   10601.616   61838.312    14091.875   11734.468     1231.396   68886.436
   20700.000    2459.265    9777.987   62041.704    13993.039   11568.360     1869.048   68804.797
   20800.000    2515.366   10589.150   62276.182    13692.928   11436.732      867.347   68961.118
   20900.000    2576.835   10444.030   62364.274    13785.541   11586.849     1000.343   69033.120
   21000.000    2586.644    9405.091   63614.669    13578.678   11062.022     1976.155   69892.616
   21100.000    2588.074   10462.023   62865.555    13645.335   11226.591     1142.545   69463.305
   21200.000    2363.540    9879.396   63176.310    13753.732   11375.339     1619.175   69932.948
   21300.000    2541.097    9726.308   62942.694    13749.490   11207.587     1696.253   69282.255
   21400.000    2814.781   10467.476   62263.302    13987.566   11643.901      966.318   68538.649
   21500.000    2497.883    9516.954   63286.591    13956.994   11637.174     2241.575   70227.416
   21600.000    2697.395    9843.058   62095.662    14225.727   11888.359     2285.805   69189.761
   21700.000    2625.629   10282.478   62690.434    14010.838   11733.152     1522.042   69591.640
   21800.000    2733.332   10204.603   62309.315    13725.341   11667.185     1281.108   69003.539
   21900.000    2305.606   10238.954   62496.962    13792.788   11397.223     1533.695   69568.439
   22000.000    2384.535   11233.916   61275.851    13700.127   11849.808      415.232   68690.144
   22100.000    2634.999   10946.906   61311.177    13591.232   11384.531      623.692   68040.075
   22200.000    2697.875   10952.611   61014.023    13690.686   11643.082      806.979   68028.134
   22300.000    2434.333   10760.295   62064.959    13782.778   11471.382     1063.741   69143.265
   22400.000    2399.605   11869.830   61287.218    13584.023   11533.016     333.321   68373.116
   22500.000    2479.589   10606.360   62096.130    13745.107   11374.359      948.991   68801.145
   22600.000    2647.157   10020.004   62455.255    13855.483   11688.111     1667.868   69328.597
   22700.000    2593.609   10477.243   61563.065    13937.016   11764.353     1291.986   68566.023
   22800.000    2537.928   11766.810   61024.264    13899.802   11601.528     110.163   67844.710
   22900.000    2420.613   10627.939   61997.542    13944.833   11831.732      876.637   68968.403
   23000.000    2570.411   10835.813   61723.129    13840.892   11634.171      685.819   68467.629
   23100.000    2511.116   10177.055   62185.761    13822.567   11529.407     1316.000   68874.540
   23200.000    2436.918   11023.676   61601.688    13888.647   11789.340      449.374   68538.514
   23300.000    2460.217   10129.861   62710.651    13748.567   11524.463     1318.913   69475.105
   23400.000    2357.055   11692.274   60407.288    13904.661   12157.383     243.766   67751.463
   23500.000    2644.649   11237.307   61524.556    14019.201   11933.009      255.621   68286.643
   23600.000    2694.851   10894.969   61279.577    14039.535   11915.178      877.754   68233.093
   23700.000    2581.981   11195.089   61426.105    13955.404   11863.898      464.507   68412.214
   23800.000    2556.690   11043.758   61977.826    13748.732   11679.500      721.435   69117.097
   23900.000    2737.427    9811.954   62032.231    13807.244   11808.725     1823.212   68931.451
   24000.000    2637.004   10086.516   62900.144    14071.430   11552.584     1903.797   69734.607
   24100.000    2587.974    9777.320   63192.605    13967.426   11742.291     2033.817   70190.634
   24200.000    2759.193    9813.388   63121.534    13731.012   11686.001     1619.939   69750.656
   24300.000    2945.652    8437.907   64114.401    14060.844   11900.007     3104.830   70550.649
   24400.000    2738.904    9254.762   63549.541    13663.656   11440.286     2160.680   70002.710
   24500.000    2326.274    9153.219   64520.581    13620.785   11392.054     2245.550   71364.345
   24600.000    2538.150    9301.766   63555.569    13772.371   11326.469     2241.444   70114.727
   24700.000    2773.789    9965.206   63885.646    13878.338   11647.395     1721.847   70567.967
   24800.000    2623.114   10008.784   63339.094    13669.340   11545.208     1338.129   69938.760
   24900.000    2638.098    9209.342   63512.944    13766.848   11642.281     2285.985   70245.605
   25000.000    2509.433    8110.687   65397.410    14049.942   11556.768     3497.648   72003.139
   25100.000    2639.780    8916.788   64903.992    13731.691   11460.359     2609.688   71519.356
   25200.000    2719.824    9702.313   63232.464    13637.853   11444.864     1578.255   69600.220
   25300.000    2429.543    8641.513   64480.046    14108.311   11780.857     3036.573   71401.135
   25400.000    2355.409    9256.091   64606.298    14006.606   11446.369     2453.688   71400.431
   25500.000    2382.317   10676.243   61892.727    13696.572   11266.529      676.890   68433.499
   25600.000    2520.563    9557.698   63616.886    14049.213   11674.747     2350.788   70630.343
   25700.000    2633.780   10210.358   62742.717    14081.591   11929.284     1560.032   69727.020
   25800.000    2484.874   10543.529   62163.444    13789.399   11734.811      632.930   68800.442
   25900.000    2383.802    9490.412   63086.905    14183.440   12126.450     2189.533   70326.059
   26000.000    2396.481   10047.653   62682.549    14068.395   11865.115     1595.544   69725.986
   26100.000    2258.581    9669.854   62803.348    14034.748   12139.110     1967.030   70286.014
   26200.000    2320.080    9567.629   63517.989    14126.835   12033.080     1894.948   70566.731
   26300.000    2412.662   11231.648   61671.838    14264.122   11990.362      555.485   68772.548
   26400.000    2440.427   10046.694   63042.739    14000.400   11854.007     1567.704   70070.318
   26500.000    2424.373   10096.188   63328.942    13989.329   11729.395     1631.390   70372.213
   26600.000    2513.522   10416.189   62107.544    13917.867   11728.937     1132.797   68954.078
   26700.000    2421.874    9279.853   63457.546    13705.943   11746.505     2237.312   70593.398
   26800.000    2395.322   10466.752   62857.189    13861.651   11698.502     1255.343   70020.813
   26900.000    2536.090    9592.470   64511.587    13972.732   12020.124     2284.371   71899.728
   27000.000    2210.825    9726.386   63491.744    14095.199   11522.508     2122.425   70557.039
   27100.000    2193.266   10228.669   63588.165    14184.662   11675.339     1790.362   70904.607
   27200.000    2536.238    9528.266   63363.977    14277.694   11997.225     2298.517   70374.053
   27300.000    2587.338   10333.986   62544.184    13995.942   11820.448     1584.038   69699.376
   27400.000    2452.565   11639.478   61997.510    14124.847   12013.742        2.213   69075.530
   27500.000    2704.501   10588.178   62307.474    14070.323   11958.996     1148.022   69227.846
   27600.000    2623.112   10213.719   62276.540    14273.342   12039.477     1649.681   69282.962
   27700.000    2623.114   10598.564   62780.242    13703.590   11798.299      740.482   69590.883
   27800.000    2566.524   11222.019   61241.516    14334.099   12170.801      998.573   68732.286
   27900.000    2471.895   11925.291   61645.936    13909.187   11561.476     342.849   68408.772
   28000.000    2598.033   11280.765   61278.082    14118.308   11836.267      687.088   68365.860
   28100.000    2535.518   11018.325   60187.715    14274.626   11956.167     1360.593   67712.657
   28200.000    2438.282   11424.415   61419.057    14356.756   11860.284     1040.177   68948.896
   28300.000    2504.479   10806.416   61524.726    13756.191   11535.542      903.599   68509.613
   28400.000    2426.653   12559.182   59946.417    14035.911   11566.724     691.871   66917.888
   28500.000    2196.228   11216.521   60900.422    14124.224   11679.835      727.492   68203.819
   28600.000    2177.161   11415.598   61420.824    13784.329   11670.817      230.569   68776.319
   28700.000    2368.046   11717.621   60280.628    14064.171   11687.098      195.404   67448.535
   28800.000    2291.676   11452.731   61685.763    13971.688   11703.352      229.161   68807.642
   28900.000    2276.949   10966.791   62647.583    14342.848   11649.074     1051.944   69695.596
   29000.000    2173.816   10913.954   61907.890    14174.963   11512.627     1035.295   69020.988
   29100.000    2272.987   10553.589   62593.581    13975.257   11868.607     1129.649   69897.181
   29200.000    2180.568   11737.802   60765.826    14146.496   11551.435      267.526   67995.525
   29300.000    2300.000   11143.184   62431.709    13848.536   11652.003      867.818   69946.179
   29400.000    2256.358   10687.057   61714.772    14178.242   11816.433     1997.052   69780.714
   29500.000    2349.904   11007.673   61439.202    13872.001   11666.737      869.237   68760.945
   29600.000    2198.422   11710.252   61758.251    13661.508   11603.212      165.073   69376.858
   29700.000    2284.086   11491.395   61229.093    13660.558   11534.329      146.798   68456.970
   29800.000    2222.792   11343.187   61512.809    13679.442   11214.628      410.370   68578.760
   29900.000    2374.582   11469.663   61912.121    13636.778   11233.203      181.512   68785.139
   30000.000    2333.981   10869.131   62200.325    13705.195   11497.241     1079.098   69606.618
   30100.000    2141.224   11323.677   62420.124    13880.182   11624.093      726.263   70072.752
   30200.000    2394.942   11596.873   61010.161    13803.644   11548.831      258.873   68216.152
   30300.000    2145.081   11476.322   61932.110    13882.253   11391.247      626.638   69398.983
   30400.000    2403.285   11537.021   60794.337    14179.129   11715.138      667.414   68131.496
   30500.000    2343.662   11141.911   61274.217    14199.503   11807.865     1058.909   68739.737
   30600.000    2112.336   10816.835   61788.069    14159.831   11823.318     1440.358   69596.414
   30700.000    2318.040   11681.791   60821.763    14003.904   11530.110      510.613   68222.333
   30800.000    2525.290   11698.261   60649.883    14362.771   11675.759      798.623   67934.464
   30900.000    2473.529   10335.492   62102.651    13910.256   11719.991     1581.208   69355.557
   31000.000    2528.821   10206.465   62148.401    14033.401   11266.535     1690.518   68749.697
   31100.000    2382.601   11222.684   61666.028    14149.281   11904.146     1192.857   69453.833
   31200.000    2652.400   10457.767   61390.312    13940.700   11618.561     1717.377   68590.918
   31300.000    2566.843   11071.801   61824.839    14232.927   12099.558     1137.043   69333.470
   31400.000    2542.622   11047.285   60966.688    13885.458   11945.862      750.417   68282.172
   31500.000    2553.276   10759.581   62879.468    13965.487   11975.680     1024.105   70120.071
   31600.000    2630.893   12031.258   60265.501    13976.916   12016.242      214.786   67919.977
   31700.000    2421.428   12151.158   59804.923    13825.452   11921.260     146.430   67484.031
   31800.000    2333.394   11235.267   60181.724    14199.391   11964.398      984.204   67832.807
   31900.000    2361.738   11800.914   60493.288    14053.416   11629.714      391.647   67900.409
   32000.000    2501.301   11345.590   60640.307    14001.344   11788.496      896.037   68167.785
   32100.000    2289.787   12459.072   59865.007    14073.832   11781.219     290.165   67451.515
   32200.000    2216.013   12752.203   58655.469    13844.796   11380.324     976.117   65751.069
   32300.000    2387.575   11071.892   59983.599    14103.819   11737.362     1314.156   67615.615
   32400.000    2388.612   12343.596   59093.951    14055.054   11819.042     311.482   66501.440
   32500.000    2598.975   11286.358   60845.869    13976.506   11945.022      751.470   68253.237
   32600.000    2506.592   10383.306   62127.982    14099.079   11979.944     1628.584   69514.145
   32700.000    2354.620   11138.712   61340.215    13892.896   11972.049      682.282   68885.742
   32800.000    2579.103   11207.377   60931.871    13855.265   12047.681      773.317   68525.877
   32900.000    2201.509   10783.429   60876.146    13823.676   11511.967     1083.804   68230.161
   33000.000    2451.895   10746.403   60841.691    13807.804   11627.369     1181.808   68137.572
   33100.000    2699.032   11546.271   60173.979    14081.179   11476.205      573.549   66989.793
   33200.000    2399.425   10566.991   62197.199    14021.569   11436.848     1346.446   69126.490
   33300.000    2556.172   10394.348   61520.212    13617.601   11534.221     1190.988   68465.995
   33400.000    2557.480   11480.215   59680.019    13678.003   11761.722       42.852   66729.326
   33500.000    2594.097   11700.204   59996.555    14055.115   12113.897       88.545   67249.989
   33600.000    2303.683   12375.811   60208.422    14199.188   11965.053     422.564   67623.851
   33700.000    2438.693   12320.322   59269.611    13639.138   11471.938     637.510   66346.530
   33800.000    2124.701   11738.309   59371.237    13844.765   11641.016      62.579   66718.517
   33900.000    2528.300   12449.954   60327.556    13893.482   11860.885     676.251   67540.362
   34000.000    2393.654   11857.320   59926.929    13576.384   11644.287      84.043   67374.456
   34100.000    2121.160    9451.988   62586.096    13917.513   11836.573     2276.553   70112.537
   34200.000    2214.075   11328.641   61897.954    13978.261   11748.116      838.681   69621.057
   34300.000    2447.725   11875.188   61496.302    14001.798   11831.096       45.617   68798.680
   34400.000    2397.428   10013.305   63764.392    14033.259   11738.036     1680.095   70765.141
   34500.000    2739.741   10291.921   62628.150    13970.797   11826.001     1425.208   69460.742
   34600.000    2497.570   10208.266   62673.263    13691.553   11649.766     1266.845   69609.018
   34700.000    2487.654    9748.214   63388.497    13889.917   11509.907     1994.430   70263.477
   34800.000    2456.443   10530.455   62908.434    13751.198   11428.502     1129.427   69789.176
   34900.000    2571.196   10711.584   62144.519    13794.353   11124.470      975.134   68590.156
   35000.000    2483.711   10457.892   62340.623    13952.484   11611.490     1088.204   69062.012
   35100.000    2557.267   10998.346   61322.115    13577.352   11547.572      216.992   67950.407
   35200.000    2558.783   11300.534   62183.959    13746.390   11519.353       95.202   68793.877
   35300.000    2607.960   11283.178   60780.258    13591.690   11375.426      31.569   67207.643
   35400.000    2628.398   10600.057   62249.811    13918.132   11386.193     1031.593   68721.125
   35500.000    2386.624   10544.643   62090.230    13535.167   11407.909      751.994   68872.984
   35600.000    2336.251   10230.852   63016.915    13804.984   11415.887     1319.336   69841.755
   35700.000    2376.918   10202.248   63678.121    13485.866   11244.348     1240.544   70502.477
   35800.000    2641.721   11304.735   61337.290    13753.334   11456.460      124.060   67827.489
   35900.000    2479.866    9857.197   63907.941    13852.893   11491.011     1882.078   70805.467
   36000.000    2485.143   10596.967   62476.506    13863.232   11649.277     1000.769   69375.144
   36100.000    2300.594   10111.622   62248.913    13701.412   11330.329     1374.562   69063.421
   36200.000    2428.376   10525.019   62152.476    13751.101   11580.923     1176.256   69255.198
   36300.000    2476.716   11593.789   60869.589    14025.336   12098.736      135.645   68195.707
   36400.000    2438.574    9803.651   62200.559    13509.183   11570.140     1480.589   69107.182
   36500.000    2388.065   11373.713   60743.974    13880.782   11728.170      311.317   67888.328
   36600.000    2614.042   11110.562   61791.664    13894.186   11773.271      465.463   68632.731
   36700.000    2717.578   10641.708   62173.694    13790.357   11588.800      929.054   68825.321
   36800.000    2403.077   10025.237   62530.731    13640.273   11537.169     1255.385   69305.173
   36900.000    2547.094   10570.287   62476.077    13791.453   11685.023      844.920   69237.760
   37000.000    2547.587   11054.877   60469.972    13887.358   11845.277      742.024   67677.204
   37100.000    2330.999   11083.606   61543.348    13793.062   11819.707      636.917   68959.517
   37200.000    2513.559   12051.533   59225.421    13810.913   11741.085      46.143   66647.423
   37300.000    2326.269   10451.386   61723.160    13884.538   11621.193     1244.638   68829.570
   37400.000    2305.774   11407.990   61069.004    13911.505   11470.746      210.796   67941.258
   37500.000    2238.653   12121.487   60393.976    13828.762   11892.888     645.911   67695.025
   37600.000    2191.014   11560.834   60323.417    13842.671   11677.702       99.858   67628.126
   37700.000    2171.093   11638.044   60248.061    13449.080   11210.863     217.247   67259.547
   37800.000    2264.048   10244.259   61810.667    14000.436   11906.793     1838.369   69535.604
   37900.000    2512.406   10831.175   61202.731    13946.987   11904.453      918.816   68397.782
   38000.000    2378.071   10923.466   61710.148    13771.352   11706.133      561.143   68751.467
   38100.000    2165.630   10719.686   62135.337    14124.312   11812.507     1405.629   69783.217
   38200.000    2227.273   11669.631   60231.572    13529.347   11534.406      37.966   67641.023
   38300.000    2538.255   10871.981   61324.306    13823.612   11591.506     1017.393   68443.319
   38400.000    2493.705   10746.455   61945.265    13754.203   11786.602     1054.410   69284.824
   38500.000    2238.518   10371.754   61738.161    13789.192   11934.925     1658.737   69675.868
   38600.000    2236.979    9718.655   62180.739    13875.652   11660.782     2517.057   69964.602
   38700.000    2527.112    9583.897   62522.675    13823.550   11845.287     2323.958   69925.155
   38800.000    2024.121   10603.464   61333.805    13921.012   11784.152     1060.821   68837.110
   38900.000    1991.078   11144.015   59886.532    13614.323   11812.119      553.019   67790.284
   39000.000    1966.844    9594.575   63234.574    13637.232   11629.626     2254.183   71108.882
   39100.000    1755.027   10479.349   62278.852    13950.321   11746.316     1779.756   70578.925
   39200.000    2346.833    9972.837   62510.156    13745.070   11480.453     1731.941   69603.484
   39300.000    2534.706    9239.326   63616.700    13845.729   11566.144     2660.802   70702.537
   39400.000    2237.925   10005.915   62760.755    13785.753   11681.373     1685.954   70110.318
   39500.000    2201.904    8926.993   63862.463    14079.727   11805.608     3012.607   71326.041
   39600.000    2260.565    9511.482   62741.164    14070.362   12117.557     2703.307   70742.583
   39700.000    2483.925   10244.578   62212.321    13608.544   11855.928     1284.298   69504.656
   39800.000    2511.261   10291.075   62737.677    13852.270   11936.981     1322.815   69925.016
   39900.000    2355.783   10080.182   63403.673    13771.661   12226.770     1633.644   71216.825
   40000.000    2373.461   10794.841   62540.442    13698.928   11812.854      997.626   70073.375
   40100.000    2333.793   11239.181   60974.541    13602.213   11945.127      570.378   68793.222
   40200.000    2598.584    9895.569   63022.838    13856.373   11861.291     1881.716   70206.456
   40300.000    2442.063   11828.243   59554.016    13795.751   11921.903      111.626   67177.974
   40400.000    2407.490   11083.704   60369.456    13967.737   12064.173      971.211   68113.317
   40500.000    2069.281   11442.255   61034.264    13946.316   12049.314      518.582   69028.818
   40600.000    2106.975   11455.178   60473.222    13710.561   11809.390      409.168   68329.423
   40700.000    2421.751   11426.967   60525.044    13718.577   11776.568      171.434   67759.685
   40800.000    2205.851   11557.076   60431.146    13660.761   11668.457      238.906   68028.972
   40900.000    2392.719   11250.425   61382.254    13919.443   11741.235      598.577   68660.328
   41000.000    1858.680   10634.741   62214.890    13585.755   11726.436      982.264   70113.897
   41100.000    2204.246   10775.449   61899.051    13529.725   11627.170      831.615   69399.314
   41200.000    2268.617   10929.321   61154.677    13955.541   11785.016      902.845   68547.701
   41300.000    2263.553   10770.457   62704.974    13728.685   11679.559     1025.106   70187.858
   41400.000    2068.333   10421.993   62382.831    13847.578   11848.966     1146.068   69883.947
   41500.000    2118.181    9069.695   64039.068    13553.502   11768.608     2199.862   71405.550
   41600.000    2062.636    9897.454   63250.491    13850.386   11645.201     1755.092   70635.215
   41700.000    2495.148    9683.917   64248.185    13807.162   11612.403     1423.341   70665.537
   41800.000    2071.940    9288.580   64400.353    13624.698   11816.360     2063.799   71872.454
   41900.000    2042.599   10180.494   63326.736    13849.083   11775.869     1440.230   70831.648
   42000.000    2105.238   10092.344   62392.746    13756.167   11640.964     1458.784   69723.432
   42100.000    2100.137   10331.023   63452.002    13705.744   11463.367     1300.937   70741.447
   42200.000    2239.784   10303.537   62854.505    13877.580   11595.604     1253.594   69889.876
   42300.000    2176.686    9096.733   63093.906    13588.263   11541.223     2048.818   70015.731
   42400.000    2085.397   10074.503   63218.207    13736.614   11615.736     1231.046   70317.482
   42500.000    2097.286   10284.934   62947.015    13710.279   11849.945      957.888   70232.215
   42600.000    1951.183    9358.274   62875.716    13325.653   11539.137     1605.827   70102.118
   42700.000    2003.691   10602.852   62585.451    13657.310   11526.306      615.981   69669.591
   42800.000    1806.770   10525.536   61881.194    13842.515   11586.253     1025.098   69368.797
   42900.000    2131.821   10838.034   61472.557    13889.540   12114.205      491.820   68895.255
   43000.000    2076.487   10157.465   61574.093    13929.145   11899.589     1263.104   68888.619
   43100.000    2084.587   10092.903   62945.047    13876.970   11704.701     1593.303   70374.397
   43200.000    1741.454    9870.501   63199.211    13671.190   11520.518     1483.871   70661.457
   43300.000    1887.630   10299.420   62722.957    13894.725   11650.543     1449.875   70340.439
   43400.000    2188.436   11028.312   61133.375    13960.394   12153.459      710.081   68876.397
   43500.000    2059.203   10829.048   61845.872    13793.038   11935.033      746.483   69504.196
   43600.000    2166.163   11161.205   60974.363    13903.269   12037.176      704.048   68807.360
   43700.000    2040.841   10657.050   61636.622    14037.505   11795.690     1371.054   69382.070
   43800.000    2118.209   10004.363   62644.615    13892.515   11864.328     1437.763   69940.346
   43900.000    2298.335   10774.962   61507.192    13938.563   11970.344      778.410   68794.011
   44000.000    1976.707   10861.980   61954.105    13743.706   12099.663      529.920   69725.256
   44100.000    1836.434   10406.316   62461.519    13870.401   11867.196     1177.840   70206.037
   44200.000    1961.008   10322.914   62236.000    14068.765   12087.504     1597.657   70214.300
   44300.000    2051.750    9790.819   63057.031    13796.959   12016.988     2015.485   71031.614
   44400.000    1919.869    9871.055   62594.996    13690.477   11518.507     1833.219   70207.432
   44500.000    1983.502    9425.739   63824.684    13988.009   12226.161     2189.699   71694.771
   44600.000    1927.281    9764.311   63246.001    13672.447   11847.058     1744.798   71002.440
   44700.000    2134.302    9934.518   62913.621    13960.398   11904.084     1683.405   70340.926
   44800.000    1941.181   10501.240   61755.827    13830.587   11992.035      954.383   69431.718
   44900.000    1855.140    9831.903   63468.709    13957.991   11750.894     1691.254   70929.628
   45000.000    1896.657    9527.418   64187.901    13813.199   11828.422     2027.055   71860.938
   45100.000    1951.830    9438.378   63691.214    13856.649   11641.035     2054.274   71016.423
   45200.000    1933.642    9550.696   63018.746    13687.835   11497.745     2076.668   70522.378
   45300.000    2168.706   10067.622   62263.525    13846.203   11793.319     1790.323   69899.880
   45400.000    1978.767   10833.821   62575.499    13843.363   11911.069      710.192   70208.452
   45500.000    1962.509    8914.481   63446.891    13774.764   12123.997     2642.996   71391.093
   45600.000    1780.327   10566.480   61861.427    13572.052   11404.981      610.202   69090.710
   45700.000    2068.482   10371.826   62163.244    13776.535   11747.945      940.709   69378.709
   45800.000    1944.889    9574.973   63053.253    13571.917   11477.541     1453.938   70042.898
   45900.000    2111.424   10906.243   61748.401    13455.622   11482.432      154.993   68725.023
   46000.000    1955.030   11323.941   60388.550    13854.246   12091.873      288.977   68284.065
   46100.000    2098.768   11322.142   61179.940    13663.394   11440.279       21.339   68201.538
   46200.000    1982.880   11684.456   60087.231    13726.094   11864.529     450.387   67476.855
   46300.000    2247.283   12140.053   60122.452    13824.147   11646.148     821.344   67015.880
   46400.000    2373.982   11173.333   61802.494    13854.356   11844.126      375.605   68967.220
   46500.000    2024.578   10358.538   63278.513    13779.894   11696.174     1364.737   70893.489
   46600.000    1972.804    9584.659   63411.991    13712.676   11785.474     1911.658   71008.302
   46700.000    2243.727   10212.089   62971.918    13646.155   11613.556     1130.131   70037.812
   46800.000    2259.709   10599.868   61902.230    13831.717   11649.420      775.678   68835.769
   46900.000    2165.025   11892.135   61002.208    13797.308   11855.451     395.528   68391.932
   47000.000    2282.681   10364.938   61789.908    13699.447   11922.499     1032.767   69127.983
   47100.000    2190.517   10904.257   61209.375    13935.988   11863.760      839.197   68690.084
   47200.000    2180.566   10864.819   60763.874    13670.549   11881.707      438.844   68098.129
   47300.000    2252.632   11231.148   61570.632    13782.613   11861.295      352.808   68980.638
   47400.000    2021.404   11807.823   59545.908    13777.263   11254.017       7.763   66801.317
   47500.000    2140.406   11524.662   60587.447    13708.111   11934.349     129.906   68068.034
   47600.000    2050.229   10747.335   62917.753    13995.623   11788.921     1081.025   70489.181
   47700.000    2208.387   10969.398   61332.094    13873.999   11891.961      565.929   68676.996
   47800.000    1995.230   11488.544   60563.817    13701.800   11548.628     161.805   67742.154
   47900.000    2068.452   10907.033   61447.402    13621.482   11532.817      526.689   68724.006
   48000.000    2141.085   10633.196   61956.422    13820.910   11647.287     1069.818   69344.728
   48100.000    1848.414   10360.514   62877.202    14024.841   11872.801     1522.136   70759.398
   48200.000    1467.328   11472.102   60209.946    13655.906   11918.552      291.816   68769.181
   48300.000    1541.218   10977.976   61409.703    13516.986   11372.027      500.216   69201.717
   48400.000    1692.029   11068.088   62458.393    13895.602   11845.189     1010.918   70794.955
   48500.000    1830.919   11128.927   60753.013    13869.894   11924.785     1066.618   69172.530
   48600.000    1786.654   11433.368   61940.207    13760.070   12131.574      177.923   70136.347
   48700.000    1989.943   10948.194   61619.549    13588.336   11783.086      381.765   69154.315
   48800.000    1762.631   11720.629   61685.110    13728.101   11512.182     212.168   69215.021
   48900.000    1909.090   11285.342   61584.364    14098.479   12151.337      730.246   69743.720
   49000.000    1933.833   10940.231   61333.739    13876.238   11938.960      875.658   69278.518
   49100.000    1990.741   10697.737   62189.997    13793.364   11804.149      880.449   69788.226
   49200.000    1914.703   10793.949   61698.917    14159.630   12027.420     1056.722   69502.677
   49300.000    2052.233   10259.320   62178.623    13894.638   12263.043     1097.884   69851.999
   49400.000    2274.283   10796.944   61521.689    14057.798   12307.635     1023.597   69317.784
   49500.000    2127.293   11000.287   61281.590    13779.684   11853.074      693.466   68921.439
   49600.000    1962.499   11201.153   60770.098    13906.859   12328.313      777.302   69207.508
   49700.000    1954.366   11642.820   60174.477    13862.498   12048.850      454.511   68503.794
   49800.000    2005.348   11071.512   60702.686    13987.409   12147.229      895.728   68824.397
   49900.000    2081.426   11284.634   60484.603    14205.291   12173.075      786.360   68441.955
   50000.000    1936.297   12145.715   58874.134    13956.516   12220.346     208.302   67139.081
   50100.000    2054.898   12183.825   58897.754    13788.381   11747.400     606.781   66378.920
   50200.000    1968.456   13212.687   58248.914    13824.257   11859.374    1311.206   66217.055
   50300.000    1825.625   13024.613   58212.232    13847.047   11857.727    1149.551   66272.349
   50400.000    1759.932   12981.322   57737.603    13628.168   11750.072    1321.791   65759.107
   50500.000    2249.471   12515.058   58525.241    14079.419   12188.219     546.215   66353.413
   50600.000    1937.235   12395.065   58174.370    13846.187   12204.016     910.420   66079.609
   50700.000    1762.094   13227.721   57768.627    13947.226   11917.842    1367.291   65837.578
   50800.000    1891.208   12292.028   58790.113    14005.763   11862.286     618.203   66429.254
   50900.000    2002.501   13188.849   58563.270    13914.357   11913.437    1585.316   66163.382
   51000.000    1955.314   12556.473   58068.350    14106.043   12176.329     544.280   66195.515
   51100.000    2153.566   12708.581   58371.440    14057.989   12210.097     687.173   66391.389
   51200.000    2129.849   11816.749   59723.755    14054.926   12203.102       14.801   67573.633
   51300.000    2010.344   11721.734   58949.756    13982.524   12229.859      189.276   67097.758
   51400.000    2368.450   11927.213   58584.551    14002.314   12171.336      69.797   66242.539
   51500.000    2205.018   11618.878   59573.360    14152.245   12184.124      661.349   67680.449
   51600.000    2212.726   11917.476   60376.292    14034.173   12282.553       3.712   68325.712
   51700.000    2214.860   11213.599   60481.672    14198.565   12039.994      973.388   68295.228
   51800.000    2083.606   10528.878   61110.280    13963.120   11732.960     1296.001   68621.393
   51900.000    1920.153   11818.719   59383.697    13954.353   12164.720      221.545   67714.174
   52000.000    2013.873   11820.502   59275.930    14161.275   12318.900      305.825   67546.009
   52100.000    2048.273   10858.128   60302.601    13718.959   11505.380      919.076   67817.954
   52200.000    2048.341   10464.178   62074.023    14032.404   11936.311     1322.997   69716.763
   52300.000    1977.483   10374.489   61884.972    13825.834   11825.695     1536.179   69818.019
   52400.000    1976.061   12205.970   61406.699    13865.246   11655.921     105.681   69321.602
   52500.000    1847.747   10694.645   60912.709    13788.498   11568.279     1210.706   68750.095
   52600.000    2001.206   10723.330   61582.088    13750.647   11805.787     1134.896   69494.248
   52700.000    2057.811   10154.405   61182.023    13823.087   11543.199     1674.666   68673.395
   52800.000    2021.031    9880.919   62715.001    13653.285   11611.459     2092.756   70625.820
   52900.000    1713.917    9260.311   62629.518    13897.023   12086.656     2510.647   70876.192
   53000.000    1822.372   11040.551   61359.215    13664.783   11738.783      542.311   69193.705
   53100.000    1905.732   11184.248   59639.550    13635.049   11561.000      615.695   67459.710
   53200.000    1740.922   11067.574   61178.314    13499.739   11691.058      526.665   69222.951
   53300.000    1951.792   10646.537   61229.284    13676.143   12014.381      943.207   69205.474
   53400.000    1656.100   12085.112   59417.093    13879.122   11876.252      16.738   67826.498
   53500.000    1678.007    9333.574   62321.675    13709.284   11907.409     2578.393   70753.760
   53600.000    1645.670   10614.977   61707.879    13698.965   11938.744     1174.807   70091.772
   53700.000    1902.252   10864.683   61454.241    13852.162   11545.727     1062.057   69172.294
   53800.000    1990.158    9643.824   62519.609    13950.859   11947.312     2244.781   70414.509
   53900.000    1843.426    9608.783   62775.489    13890.166   12279.809     2036.432   70966.921
   54000.000    1521.768   10365.145   61964.302    13972.418   12191.290     1619.553   70646.104
   54100.000    1506.247   10232.360   63555.689    13795.009   12277.474     1497.020   72261.287
   54200.000    1833.412   10023.418   61623.482    13917.631   12047.846     1964.319   69908.021
   54300.000    1700.759    9733.847   62959.991    14269.096   12396.497     2540.535   71661.014
   54400.000    1863.880    9508.341   64446.680    13929.037   12540.657     2158.872   72861.633
   54500.000    1937.777   10172.921   62320.236    13832.880   12095.224     1371.056   70188.781
   54600.000    1762.829   11135.684   60685.529    13764.846   11922.652      231.868   68448.058
   54700.000    1810.537    9501.155   62478.877    14038.299   12071.421     2250.370   70452.989
   54800.000    1835.764   10170.543   62169.780    13564.925   11770.221     1214.385   69924.241
   54900.000    1902.293   10626.249   61283.366    13886.454   12008.284     1138.481   69267.632
   55000.000    1741.977    9837.341   61659.679    13806.997   11958.657     1778.895   69685.597
   55100.000    1752.502    9071.140   62553.012    13624.617   12073.364     2681.011   71001.410
   55200.000    1834.196    9155.103   62552.404    13882.888   12353.380     2778.197   71122.001
   55300.000    1533.732   10972.385   60819.648    13657.005   12261.519      959.593   69822.407
   55400.000    1475.492    9525.766   62010.150    13729.820   12301.078     2527.643   71159.325
   55500.000    1685.472    9948.374   61319.290    13888.555   12184.148     2333.056   70210.841
   55600.000    1615.160   11084.081   60400.238    13638.790   11915.194     1014.909   69160.471
   55700.000    1598.019   10783.137   60645.763    13825.770   12128.601     1574.730   69708.441
   55800.000    1607.963   10928.208   61888.927    13670.360   12120.884     1375.789   71035.485
   55900.000    1683.875   10107.962   62107.879    13962.116   12428.612     2500.949   71499.411
   56000.000    1733.687    9654.062   63111.269    13640.782   11902.632     2402.712   71696.205
   56100.000    1737.171    9015.430   63544.470    13649.491   12136.069     3088.375   72397.681
   56200.000    1597.237    9627.894   63531.953    13771.159   11894.802     2718.836   72405.089
   56300.000    1842.024   10309.415   62044.065    13879.766   12400.211     2016.226   71048.127
   56400.000    1771.737   10126.073   62487.028    13724.283   12351.897     2001.773   71470.750
   56500.000    1719.894   11262.804   61341.457    13743.300   12223.107     1132.191   70496.367
   56600.000    1554.166   11291.415   60248.439    13863.761   12168.291     1204.321   69494.538
   56700.000    1623.134   12103.956   60237.396    13550.139   12189.097     194.027   69163.148
   56800.000    1719.013   13221.189   57885.131    13663.330   12277.108    1059.730   66941.355
   56900.000    1570.300   12169.596   59769.446    13915.870   12213.241      143.857   68809.969
   57000.000    1653.624   11715.205   61093.951    13553.686   11953.111      388.188   69943.145
   57100.000    1449.252   11620.429   60780.372    13796.177   12310.041      814.885   70280.299
   57200.000    1737.189   11783.067   61025.377    13729.985   11964.157      499.150   69804.578
   57300.000    1510.371   11138.892   61406.697    14148.030   12202.654     1518.355   70608.198
   57400.000    1816.129   11128.252   60634.138    13894.647   11702.152     1005.489   68759.254
   57500.000    1876.073   10318.020   61787.598    13601.884   12093.102     1902.439   70623.201
   57600.000    1980.372   11348.448   60434.312    13582.967   11571.930      551.126   68342.476
   57700.000    2032.888   10987.390   61240.930    13508.729   11678.535      912.864   69278.101
   57800.000    1903.531   10727.201   61711.468    13638.152   11871.659     1080.062   69848.706
   57900.000    1684.118   11132.939   61423.987    13831.319   12218.618     1139.668   70399.776
   58000.000    1729.275   10419.057   62089.328    13497.510   11362.574     1625.407   70269.581
   58100.000    1666.263   10870.997   60476.917    13464.928   11629.213     1198.100   69044.037
   58200.000    1637.188   10183.374   61996.792    13497.051   11571.279     1838.293   70455.499
   58300.000    1736.124    9906.459   62192.505    13628.061   11889.750     2281.126   70905.656
   58400.000    1684.560   10444.686   62210.203    13827.059   11633.513     1873.049   70649.831
   58500.000    1694.277   10350.725   62724.196    13935.801   12010.463     1988.689   71443.994
   58600.000    1776.338   10684.260   61435.671    13616.912   11672.619     1153.479   69552.779
   58700.000    1734.184   11471.018   60855.444    13643.565   11800.622      380.897   69130.231
   58800.000    1691.433   11752.879   60191.099    13776.352   12115.038       55.943   68647.174
   58900.000    1492.711    9564.903   63507.346    13718.558   11968.323     2441.953   72271.257
   59000.000    1624.099   10028.810   62879.028    13644.418   11985.761     1945.591   71570.674
   59100.000    1545.484   10264.689   61968.798    13414.553   11325.005     1446.940   70045.394
   59200.000    1528.504    9673.370   63208.415    13699.619   11681.106     2301.366   71636.133
   59300.000    1512.759    9680.569   62216.514    13402.754   11523.605     2034.774   70539.950
   59400.000    1597.059   10115.671   62096.279    13604.966   11570.699     1657.965   70238.590
   59500.000    1824.864   10941.420   61241.968    13671.450   11320.867      760.817   68768.756
   59600.000    1847.769   10386.980   61528.018    13558.670   11368.123     1427.201   69303.883
   59700.000    2057.500   10471.825   61413.532    13456.956   11498.571     1127.731   68997.204
   59800.000    1968.052    9250.708   62559.429    13682.119   11460.010     2455.828   70075.804
   59900.000    1882.766    9167.498   63296.397    13606.481   11526.632     2244.128   70745.409
   60000.000    1907.502    9435.592   62611.200    13195.336   11158.505     2021.434   70123.894
   60100.000    2195.050    9695.058   62634.642    13355.959   11400.306     1620.377   69799.374
   60200.000    1898.111   10010.940   63059.828    13549.766   11786.902     1506.898   70916.691
   60300.000    1974.222   10214.343   61649.036    13485.554   11747.649     1353.158   69504.410
   60400.000    1802.344    8819.463   64052.335    13581.960   11684.350     2713.786   71885.631
   60500.000    1699.647    8794.509   64279.698    13520.820   11700.079     2814.884   72368.703
   60600.000    1800.503    9542.524   64107.170    13506.212   11733.484     2145.901   72222.363
   60700.000    1721.598    9125.334   63047.780    13655.621   11643.923     2671.807   71111.626
   60800.000    2021.255    9318.960   63132.267    13750.397   11605.527     2678.303   70963.406
   60900.000    2097.592    8714.601   64522.993    13602.266   11587.435     3039.148   72164.318
   61000.000    1908.194    7579.655   65786.937    13470.651   11643.049     4032.491   73663.288
   61100.000    1939.876    8353.363   64723.682    13782.852   11967.589     3424.056   72745.961
   61200.000    2209.826    9368.300   63015.461    13409.611   11808.609     2024.751   70597.684
   61300.000    2109.784    9116.436   62794.600    13525.460   11454.937     2294.016   70024.744
   61400.000    2197.834    9163.734   63280.578    13329.614   11320.687     2017.752   70255.303
   61500.000    2166.471    9136.834   62804.484    13346.490   11536.123     1997.089   69961.569
   61600.000    2192.536    9987.542   62403.135    13530.033   11406.731     1369.809   69444.648
   61700.000    2099.606    9459.378   62978.804    13879.173   11984.795     2439.149   70883.347
   61800.000    2013.511    9931.118   62709.382    13513.176   11702.633     1372.934   70189.380
   61900.000    1862.010   10843.347   60832.067    13318.448   11343.011      289.705   68127.672
   62000.000    2164.156   10537.331   62255.491    13470.717   11668.611      852.391   69678.951
   62100.000    1914.283   11585.140   59859.183    13442.678   11433.322     355.002   67165.681
   62200.000    2209.447   10969.781   60867.540    13525.895   11701.798      568.990   68372.767
   62300.000    1920.194   10421.843   61260.530    13387.574   11586.667      924.683   68885.954
   62400.000    2272.592   10347.794   61555.522    13338.259   11681.260     1113.249   69086.975
   62500.000    2141.132   11299.183   60642.153    13413.405   11507.877      73.598   67821.078
   62600.000    2261.208   10991.059   61202.583    13576.204   11525.925      523.900   68406.056
   62700.000    2239.528   10571.370   61429.330    13475.447   11550.340      822.447   68658.511
   62800.000    2201.268   10500.739   61780.041    13406.892   11287.046      467.414   68427.081
   62900.000    2182.613   10260.370   62484.191    13482.660   11989.281      881.480   69950.049
   63000.000    2059.394    9740.991   62463.856    13669.317   11611.637     1475.285   69563.058
   63100.000    2308.974    8920.723   62770.756    13445.513   11984.185     1986.736   69907.912
   63200.000    2130.793   10164.420   62210.924    13587.755   11641.618     1064.362   69362.777
   63300.000    2047.383    9807.867   62365.934    13529.530   11861.444     1826.102   70284.434
   63400.000    1974.798    9890.378   62481.808    13427.679   11484.189     1260.895   69714.793
   63500.000    2100.685    9951.340   62569.949    13749.800   11814.671     1635.065   70120.539
   63600.000    2127.554    9793.891   62957.237    13469.432   11898.863     1429.323   70482.329
   63700.000    2134.548    9266.579   63502.284    13550.779   11540.462     2010.063   70634.061
   63800.000    2039.751    9072.203   62681.532    13558.303   11814.466     2462.499   70432.647
   63900.000    2134.649    9908.593   62694.886    13079.107   11307.582     1098.965   69796.269
   64000.000    2271.220   10109.162   63009.376    13150.766   10914.629      892.936   69504.118
   64100.000    2251.773    9962.368   62716.250    13202.022   10926.612      913.185   69064.620
   64200.000    2378.423   10404.539   62128.414    13467.790   11432.820      936.136   69055.697
   64300.000    1986.318    9570.613   63076.831    13613.792   11341.274     1884.100   70272.708
   64400.000    2287.534   10322.971   61879.008    13660.866   11605.377     1240.543   69099.498
   64500.000    2596.733   10038.758   62925.969    13302.636   11356.410      916.538   69338.307
   64600.000    2477.531    9380.976   62845.143    13467.074   11527.673     1942.998   69752.186
   64700.000    2416.449   11182.909   61665.417    13274.055   11397.231      102.548   68657.603
   64800.000    2161.572   10119.182   62280.674    13121.914   11345.008      906.150   69367.528
   64900.000    2309.674   10315.276   62279.171    13337.137   11484.803      996.544   69428.983
   65000.000    2530.200   11089.571   61973.232    13248.606   11115.224      252.714   68651.936
   65100.000    2396.001   10834.213   62139.054    13457.172   11412.918      327.923   68860.935
   65200.000    2419.778   10734.559   61069.880    13463.820   11274.624      395.808   67591.272
   65300.000    2502.727   10146.092   61242.640    13269.440   11294.850      895.290   67806.705
   65400.000    2440.125   10679.266   61588.038    13221.837   11335.828      160.193   68101.362
   65500.000    2540.212   10663.273   61733.121    13247.666   11584.858      210.970   68404.344
   65600.000    2645.900   10274.658   62255.406    13496.302   11531.012      820.441   68739.315
   65700.000    2462.505    8498.032   63702.443    13497.008   11378.745     2441.513   70061.219
   65800.000    2419.470    9029.642   63515.519    13506.336   11307.245     2031.953   69958.553
   65900.000    2534.509   10315.957   61453.770    13293.503   11101.015      494.615   67537.346
   66000.000    2412.753   11006.063   60294.676    13010.194   10939.357     411.266   66405.884
   66100.000    2681.110    9935.562   61333.271    13208.109   11042.708     1004.791   67427.112
   66200.000    2496.563   10248.344   61775.838    13068.060   10975.493      550.891   67985.944
   66300.000    2352.252   10201.218   61179.927    13041.207   11008.180      436.310   67432.176
   66400.000    2477.407    9268.475   63286.701    13155.651   11274.393     1437.238   69633.749
   66500.000    2344.115    9605.839   62692.451    13403.949   11220.729     1214.027   68984.983
   66600.000    2277.115   10996.417   60947.559    13396.770   11340.132     243.368   67366.855
   66700.000    2330.874    9693.038   62497.627    13364.214   11326.602     1117.817   68939.995
   66800.000    2464.102   10088.425   62339.342    13523.105   11493.264     1012.679   68946.503
   66900.000    2243.905   10793.212   61635.574    13176.416   11171.036      103.033   68282.535
   67000.000    2342.357   10236.861   62442.749    13282.109   11113.909      813.927   68982.979
   67100.000    2308.658    9645.572   63571.877    13096.481   10994.405     1088.070   69894.785
   67200.000    2429.008   10129.009   62644.272    13056.930   10922.346      561.827   68771.516
   67300.000    2426.877   10272.623   60797.863    13108.149   11312.673      426.502   67274.635
   67400.000    2225.142    8296.991   64142.181    13441.301   11526.699     2952.056   71251.483
   67500.000    2453.716    8778.423   64614.287    13038.528   11101.163     1995.618   70997.247
   67600.000    2104.405   10053.896   62578.702    13422.797   11215.872     1289.678   69610.947
   67700.000    2517.490    9366.474   63217.315    13459.397   11552.043     1918.858   70077.803
   67800.000    2118.238    9492.517   63032.634    13416.289   11368.739     1617.600   69976.963
   67900.000    2104.840   10051.836   62877.666    13419.421   11343.825     1390.642   70139.707
   68000.000    2199.654   10328.404   62408.589    13276.708   11108.995     1099.076   69468.703
   68100.000    2399.667    9475.755   63117.402    13371.400   11221.514     2210.292   70253.895
   68200.000    2602.024    9421.098   63208.958    13234.649   11447.308     1779.542   70020.233
   68300.000    2349.730   10429.748   61621.364    13078.541   11180.760     1018.896   68822.497
   68400.000    2512.441    9294.636   64000.631    13221.723   11405.669     1739.622   70706.394
   68500.000    2529.753    9968.663   63135.537    13319.872   10997.007     1395.926   69647.508
   68600.000    2215.401    9644.191   62168.540    13049.637   10897.701     1458.827   68904.221
   68700.000    2115.832    9999.659   63256.772    13219.923   10902.631     1305.895   70129.201
   68800.000    2389.358    9678.342   63550.282    13151.591   11560.555     1554.668   70802.899
   68900.000    2257.322    9875.883   62662.001    13379.314   11604.661     1243.586   69749.496
   69000.000    2554.705    8470.281   64521.664    13310.919   11363.350     2854.680   71344.351
   69100.000    2254.100    9339.893   64083.418    13161.516   11198.046     1611.775   70817.516
   69200.000    2352.806    8622.645   64927.369    13256.047   11189.175     2698.565   71828.900
   69300.000    2198.374    9588.367   64190.270    13353.253   11166.417     1579.062   70972.489
   69400.000    2028.180    9043.948   63776.303    13331.275   11512.746     2237.984   71211.527
   69500.000    2271.681    9128.136   64228.480    13274.221   11282.014     1977.494   71070.222
   69600.000    2153.984    9477.340   63113.486    13518.885   11411.611     2029.306   70358.873
   69700.000    2276.820    9596.447   62880.441    13211.082   11326.655     1763.056   70078.697
   69800.000    2350.888    9921.610   62536.367    13248.103   11054.996     1236.351   69150.333
   69900.000    2143.482    9913.741   62804.447    13056.841   11160.147     1425.790   70103.803
   70000.000    1994.600    9625.652   62720.513    13550.905   11625.901     1862.027   70288.588
   70100.000    2152.116   10277.255   63098.663    13613.757   11533.625      963.484   70107.156
   70200.000    2028.393   10971.575   61999.489    13341.573   11230.390      281.685   69113.172
   70300.000    1963.615   10776.373   61448.987    13268.721   11319.563      669.686   68982.273
   70400.000    1958.312   10501.812   61562.839    13220.011   11105.168      842.992   68834.488
   70500.000    1852.815    9019.815   63476.062    13490.114   11123.930     2564.754   70841.632
   70600.000    1928.857    9817.498   62586.644    13409.972   11449.646     1736.295   70251.254
   70700.000    2086.204   11635.542   61864.368    13455.588   11459.757     204.426   69213.449
   70800.000    1847.918    9673.927   62100.130    13103.710   11049.941     1619.102   69491.473
   70900.000    2041.723   10339.461   62117.072    13472.351   11310.829     1407.522   69660.809
   71000.000    2173.152   10718.170   61639.326    13513.053   11465.285      706.474   68843.051
   71100.000    2129.928   10982.868   61551.959    13464.324   11134.940      299.533   68375.048
   71200.000    2143.246   10475.815   62191.172    13255.010   11319.735      586.888   69175.354
   71300.000    2101.792    9894.313   62433.343    13230.366   11335.984     1366.226   69697.707
   71400.000    2183.200   10624.387   60943.099    13290.633   11354.454      536.363   67984.471
   71500.000    2241.282   11024.119   60737.781    13518.964   11366.595      170.986   67539.235
   71600.000    2303.473   11463.337   61302.390    13509.522   11511.344     151.897   68312.178
   71700.000    2118.340   10593.967   61268.012    13260.926   11468.251      548.779   68499.744
   71800.000    2391.468    9131.671   62887.430    13516.354   11222.654     2235.115   69569.048
   71900.000    2211.551    9550.709   62315.533    13162.784   11433.626     1642.029   69567.562
   72000.000    1802.586   10057.418   61938.924    13535.135   11526.012     1321.691   69506.323
   72100.000    2008.915   10208.352   62708.030    13534.574   11371.108     1359.878   70103.878
   72200.000    2198.365   10033.045   61752.546    13119.011   11204.442     1187.338   68859.995
   72300.000    2102.682   10755.112   61697.047    13556.608   11070.151     1052.007   68915.027
   72400.000    2076.895    9347.229   64466.843    13106.759   10984.945     1823.623   71438.987
   72500.000    1914.335    9379.987   63510.906    13225.019   11352.909     1700.091   70804.538
   72600.000    2109.130    9063.640   64282.874    13293.002   11501.655     1836.287   71282.323
   72700.000    2014.075   10198.146   63267.357    13255.309   11873.161      913.610   70982.891
   72800.000    2132.239   10686.188   62416.259    13595.674   11644.370      791.113   69810.017
   72900.000    2181.602   10756.514   62381.384    13247.160   11259.083      171.717   69139.936
   73000.000    2210.859   10000.366   63393.908    13438.444   11568.557     1494.500   70808.028
   73100.000    2016.911    9437.974   64136.133    13413.025   11370.797     1953.297   71468.267
   73200.000    2035.102    9953.700   63363.452    13334.086   11370.790     1379.413   70698.166
   73300.000    2358.824    9572.209   63018.982    13588.345   11628.280     1862.765   70135.068
   73400.000    2155.262   11364.411   61824.907    13305.989   11231.123     401.758   68557.432
   73500.000    2186.079   10433.014   62785.546    13235.382   11466.268      497.124   69760.490
   73600.000    2113.750    9817.984   63193.688    13598.144   11504.413     1465.552   70269.743
   73700.000    2270.711   11065.894   61578.859    13380.547   11391.630      137.348   68522.472
   73800.000    2185.092    9949.134   63052.989    13220.277   11697.149     1012.954   70306.857
   73900.000    2285.841   10999.459   60931.592    13437.423   11789.030      22.539   67974.277
   74000.000    2068.524   10111.638   62235.124    13256.484   11303.356      786.944   69112.055
   74100.000    2118.443    9643.932   62930.955    13429.461   11657.918     1384.394   70069.295
   74200.000    2275.216    9903.173   62487.423    13385.874   11415.555     1024.587   69169.649
   74300.000    2098.570    9550.574   62871.043    13271.551   11376.787     1308.018   69736.300
   74400.000    2031.477    9111.285   63360.231    13411.439   11532.804     1958.958   70520.363
   74500.000    2257.189    9521.441   62787.011    13337.317   11452.542     1355.754   69522.243
   74600.000    2283.591   10129.571   63203.478    13522.961   11652.298     1053.251   70232.046
   74700.000    2125.821    9967.982   63525.500    13382.490   11436.471      878.724   70300.367
   74800.000    1800.519    9871.946   62896.863    13523.336   11749.842     1058.245   70253.041
   74900.000    2290.460    9179.555   63216.567    13310.174   11789.614     1459.191   70044.293
   75000.000    2018.967   10313.624   61663.671    13440.144   11663.812      398.087   68580.083
   75100.000    2386.173   10593.716   62170.235    13614.246   11879.633      507.733   69150.898
   75200.000    2127.748   10779.279   61586.471    13457.003   11282.009      124.765   68187.774
   75300.000    2114.659    9928.681   62377.957    13266.703   11668.381      787.480   69381.137
   75400.000    2008.345   10214.471   61648.501    13479.521   11462.422      902.262   68739.791
   75500.000    1898.546    9709.617   62959.047    13279.955   11359.597     1129.495   69979.255
   75600.000    2289.706    9906.789   62549.518    13366.690   12025.935      891.012   69716.859
   75700.000    2208.294    8894.453   63755.429    13584.905   11673.136     2326.071   70855.890
   75800.000    1995.270   11469.386   61061.733    13459.694   11553.384      55.056   68574.483
   75900.000    2160.334    9731.555   62270.797    13325.697   11401.260     1268.946   69186.527
   76000.000    2131.186    9706.381   62824.878    13662.008   11659.217     1530.259   69927.542
   76100.000    2064.546   11171.470   61633.788    13779.149   11562.682      230.056   68754.301
   76200.000    2029.665    9988.045   61615.130    13423.828   11266.969     1432.023   68848.673
   76300.000    2155.262    9686.542   62271.315    13607.380   11833.188     1772.842   69801.244
   76400.000    2043.978    9379.803   62395.768    13369.230   11805.129     1736.831   69904.323
   76500.000    1920.614   10512.664   61499.585    13382.845   11895.114      824.308   69428.212
   76600.000    1849.233    9110.227   62366.002    13376.075   11737.484     2094.997   70083.403
   76700.000    1860.882   10482.801   60613.737    13370.711   11630.967      890.625   68386.539
   76800.000    1801.859   10610.099   60267.830    13109.116   11699.918      585.923   68252.795
   76900.000    1755.917   10509.740   61590.278    13336.244   11504.322      769.229   69281.407
   77000.000    1649.711    8501.622   64032.906    13659.070   11900.612     2870.626   71996.986
   77100.000    1939.923    9592.706   63051.227    13450.231   11914.287     1726.935   70895.001
   77200.000    1746.185    9555.793   61738.836    13722.114   12060.166     2021.266   69907.762
   77300.000    1831.995   10880.654   60697.134    13622.032   12210.963      564.048   68898.772
   77400.000    2035.248   10741.382   61452.604    13900.391   12457.160     1084.779   69800.286
   77500.000    2203.743   10491.855   61308.849    13435.894   11967.131      867.142   68995.340
   77600.000    2110.009   10085.147   61222.829    13714.742   12118.671     1236.360   68838.257
   77700.000    2092.509   10078.882   60874.930    13611.549   12106.631     1606.948   68963.333
   77800.000    2143.488   10642.797   61373.459    13512.811   12075.333      669.309   69104.598
   77900.000    2452.763   10041.732   61280.720    13707.388   12130.655     1245.165   68538.121
   78000.000    2560.148    9190.233   62990.363    13930.533   12222.396     2276.556   70188.867
   78100.000    2320.243    9372.303   62492.374    13743.782   12368.063     2215.955   70384.669
   78200.000    1995.423   10145.277   62074.658    13681.866   12231.704     1426.938   70201.287
   78300.000    2092.984    9731.196   62780.378    13547.834   11962.386     1622.286   70455.429
   78400.000    2173.111    9555.538   62806.253    13855.291   12086.981     2192.613   70612.983
   78500.000    1970.383    9063.683   63302.211    13713.363   12055.068     2637.139   71374.355
   78600.000    1792.243    8699.541   64919.206    13404.453   11783.660     2652.501   72858.212
   78700.000    1704.529    8987.174   64235.405    13618.960   12356.541     2420.926   72676.556
   78800.000    2109.958    9665.282   63134.235    13728.522   11973.388     1749.824   70684.248
   78900.000    2096.078    9336.822   63262.181    13499.215   12053.467     1849.709   70906.886
   79000.000    1969.910   10100.111   62204.956    13727.705   12359.820     1377.649   70344.921
   79100.000    2038.323    9580.657   63035.812    13610.293   11861.927     1617.324   70447.105
   79200.000    2143.254   10207.058   61911.505    13434.779   11734.592     1089.532   69364.654
   79300.000    2084.735   10691.694   62012.370    13410.813   11467.646      774.592   69450.755
   79400.000    2008.163   10681.581   61681.343    13443.394   11666.392      612.977   69190.735
   79500.000    2281.853   10783.587   61234.988    13579.179   11638.062      561.163   68356.767
   79600.000    2192.336   10990.860   61287.538    13348.401   12052.575      273.951   69064.187
   79700.000    2063.929   10601.143   62045.085    13740.917   12179.216     1241.778   70262.375
   79800.000    2133.645    9708.941   62471.812    13281.224   11666.084     1484.305   69916.273
   79900.000    2232.519   10722.832   62569.134    13500.775   11772.406      597.643   69928.721
   80000.000    1890.123   10179.601   62326.975    13594.270   11951.737     1168.566   70142.487
   80100.000    1830.100   10437.876   63281.106    13495.368   11777.885      760.929   70932.329
   80200.000    1773.378   10503.021   62639.223    13286.900   11843.887      651.356   70577.210
   80300.000    1924.210   11557.333   61022.455    13834.252   12346.723      226.867   69394.916
   80400.000    1840.992   10533.920   61020.283    13671.105   11927.747     1128.436   69098.289
   80500.000    1773.080   11470.872   59769.592    13457.263   11749.749     148.372   67611.497
   80600.000    1724.075   10498.415   61320.488    13644.042   12153.643      837.548   69441.978
   80700.000    1825.688   10025.269   61478.761    13312.346   11905.349     1134.737   69406.081
   80800.000    1756.432   11419.132   60410.273    13667.442   11982.013      229.861   68617.405
   80900.000    1799.815   11080.553   60843.818    13669.412   12230.431      441.546   69127.121
   81000.000    1969.315   10309.395   61181.711    13515.278   11955.598      881.320   68843.430
   81100.000    2155.479    9364.666   63024.513    13716.128   12286.048     1983.319   70786.939
   81200.000    2104.235   10078.605   62252.925    13537.401   11807.953      975.610   69473.456
   81300.000    1998.318   10249.222   62254.704    13568.077   11951.032     1029.901   69918.463
   81400.000    1976.047   10324.913   62096.619    13422.929   11912.840      829.801   69765.198
   81500.000    1810.907   10871.595   60799.960    13602.410   12158.397      429.896   68846.531
   81600.000    1584.440   10421.191   61389.488    13527.448   12268.461     1036.510   70003.763
   81700.000    2004.131    9657.143   62749.118    13544.334   12178.561     1762.460   70798.817
   81800.000    1849.794   10061.558   62572.091    13621.157   12382.426     1386.855   70931.979
   81900.000    1819.225    9730.126   61359.842    13939.685   12249.052     1847.032   69427.142
   82000.000    1756.098   10263.271   62527.927    13680.236   12302.266     1050.839   70707.969
   82100.000    1781.299   10309.641   62787.642    13544.150   12003.448      960.065   70735.349
   82200.000    1787.897   10073.175   63456.846    13754.546   11922.856     1219.017   71129.452
   82300.000    1924.975   10860.760   61900.065    13879.414   12189.349      517.836   69663.622
   82400.000    1928.011   10677.755   62136.268    13617.302   11714.244      708.045   69691.000
   82500.000    1976.591    9958.764   61300.297    13616.967   11704.984     1159.749   68530.237
   82600.000    1826.095    9874.951   62349.934    13553.083   11859.503     1258.096   69963.306
   82700.000    2057.447   10786.288   61145.165    13566.814   12186.893      555.984   69050.069
   82800.000    1954.042    9993.483   62353.142    13950.821   12382.236     1649.118   70473.116
   82900.000    2088.970    9869.647   63410.054    13641.421   12256.444     1481.335   71287.088
   83000.000    2146.252   10111.369   62082.200    13676.265   12266.591     1301.959   69939.601
   83100.000    2032.746   10371.062   62599.323    13719.013   12320.680     1130.271   70669.577
   83200.000    2024.677   10381.692   62485.534    13699.309   12344.889      984.487   70472.616
   83300.000    2021.734   10021.770   62494.814    13770.173   12276.933     1346.090   70347.701
   83400.000    2040.243   10732.892   61895.368    13814.309   12518.943      840.080   70132.732
   83500.000    1799.147    9887.973   62089.063    13561.444   11809.235     1605.661   70031.341
   83600.000    1988.856   10029.611   62253.855    13667.702   11974.993     1102.332   69704.233
   83700.000    1788.113    9614.116   62013.295    13696.948   11751.239     1773.691   69667.279
   83800.000    1917.884   10220.740   62334.901    13600.405   11932.911      743.985   69714.247
   83900.000    2046.119   10985.022   61127.217    13662.170   12062.821      164.092   68630.863
   84000.000    1985.633   10641.025   61162.158    13731.525   12184.369      463.424   68733.818
   84100.000    1929.179   12022.810   60247.062    13783.102   11999.855     667.308   67890.138
   84200.000    2034.350   11125.559   61848.944    13678.767   11989.604      190.678   69441.668
   84300.000    2025.599   11005.401   61267.649    13511.021   11919.593      190.936   68846.959
   84400.000    1973.525   10218.227   61434.231    13704.648   12191.249      782.576   68948.109
   84500.000    1959.464   10443.501   61567.467    13399.751   11684.763      485.321   68821.837
   84600.000    1827.811   11394.512   61057.915    13495.087   11473.218     195.702   68407.046
   84700.000    1957.091   11007.229   61313.733    13477.177   11815.917      310.453   69013.065
   84800.000    2069.154    9990.919   63240.032    13443.405   11978.204     1150.332   70846.928
   84900.000    1919.432   11129.930   61397.372    13671.840   12033.726      249.884   69219.640
   85000.000    2183.698    8680.171   62487.868    13825.775   12415.129     2603.129   70176.823
   85100.000    2339.252   10473.528   61933.128    13814.630   11977.865      587.237   68817.876
   85200.000    2390.927   11079.478   60873.274    13530.020   11942.915      143.403   68118.123
   85300.000    2273.620   10019.319   61044.782    13739.080   11614.379     1163.705   67829.485
   85400.000    2255.430   10453.004   62279.001    13332.823   11622.278      598.755   69364.785
   85500.000    2206.003   10119.172   62753.200    13285.036   11596.828      857.574   69835.735
   85600.000    2362.779    9591.106   62473.779    13205.882   11695.337     1131.957   69323.518
   85700.000    2405.535   10707.842   62222.444    13457.212   12132.839      130.718   69331.096
   85800.000    2511.036   10516.955   61158.973    13717.547   12175.448     1028.823   68651.616
   85900.000    2413.668    9279.369   62910.829    13437.584   11679.326     1740.445   69758.718
   86000.000    2276.718   10444.147   61996.858    13401.641   11747.346      892.341   69402.332
   86100.000    2360.131   10570.009   62016.676    13651.850   11880.405      861.935   69317.043
   86200.000    2095.296   11020.017   61552.525    13402.394   11576.058      501.919   69152.830
   86300.000    2111.880   10662.448   61587.698    13380.581   11936.265      462.235   69156.184
   86400.000    2127.844   10969.796   61007.893    13267.968   11682.079       33.443   68297.400
   86500.000    1877.076   10139.454   61057.273    13469.231   11710.075      999.808   68560.303
   86600.000    2102.402   11713.572   59809.798    13264.688   11592.599     770.872   66978.005
   86700.000    1982.942   10467.516   62261.156    13617.951   11671.087      496.619   69295.484
   86800.000    2075.043   10918.733   60818.817    13648.826   12123.678      289.285   68426.643
   86900.000    2050.250   10240.948   62126.532    13609.570   12256.306     1156.362   70120.327
   87000.000    2424.008    9493.316   62536.962    13548.954   11716.588     1826.502   69600.406
   87100.000    2095.610   10648.767   61387.329    13376.263   11690.050      339.412   68593.684
   87200.000    2163.839   10787.694   61219.435    13475.551   11840.302      352.225   68560.264
   87300.000    2198.464   11718.898   60404.476    13478.009   11931.721     914.548   67464.075
   87400.000    2294.494   10234.143   61332.643    13598.452   12245.252      526.386   68445.478
   87500.000    2426.860   11185.747   60387.641    13724.043   11983.083      92.434   67313.134
   87600.000    2392.811   10486.448   60836.386    13354.397   12093.928      325.957   67995.512
   87700.000    2401.922   11718.429   60613.938    14053.455   12400.325      33.121   68244.195
   87800.000    2498.107   10933.433   60912.773    13615.838   12293.907     120.802   67905.366
   87900.000    2331.016   11280.729   60915.331    13699.385   12053.328       29.100   68248.085
   88000.000    2398.473   10374.474   60591.115    13415.389   11987.520      621.327   67760.574
   88100.000    2289.443   10814.876   60657.990    13653.132   12475.217      598.597   68604.106
   88200.000    2281.690   10935.001   61076.880    13782.644   12152.219      665.321   68765.087
   88300.000    2119.867   10890.066   60317.105    13387.103   11878.960       86.229   67665.389
   88400.000    2099.205   10508.002   60804.533    13704.061   11953.613      864.479   68327.361
   88500.000    2307.597   11243.742   60256.434    13401.846   11937.898      25.776   67702.854
   88600.000    2081.744   12065.809   58456.118    13873.032   12153.862     457.065   66263.949
   88700.000    2335.976   11399.862   59804.304    13444.182   11875.656     388.434   66911.231
   88800.000    2190.246   10291.544   61093.472    13735.605   12025.512      776.254   68260.931
   88900.000    2032.759   10204.957   62185.092    13402.933   11658.423      700.110   69312.890
   89000.000    2034.894   11310.035   60498.524    13455.177   11936.571     206.532   68048.526
   89100.000    2108.905   10435.372   61154.648    13467.304   12005.078      756.046   68774.935
   89200.000    1985.223   10129.749   62395.697    13669.176   12060.550     1145.487   70077.084
   89300.000    1896.344   10347.914   61649.257    13439.951   11761.437      588.011   69010.324
   89400.000    2085.857   10527.319   61674.011    13530.806   12128.512      714.841   69428.020
   89500.000    2380.370   10620.608   60971.699    13663.984   12125.187      330.084   68003.225
   89600.000    2018.233   10771.213   59591.826    13993.439   12267.539      381.294   67000.200
   89700.000    2341.360   10445.676   61486.890    14004.447   12441.855      694.539   68723.153
   89800.000    2316.895   10337.531   61434.207    13703.874   12300.190      451.595   68502.755
   89900.000    2352.228   11367.904   60369.163    13789.010   11993.374     441.263   67147.940
   90000.000    2489.494   10488.294   61643.268    13677.258   12141.088      401.911   68507.809
   90100.000    2252.549   10667.058   61789.737    14210.405   12185.436      679.119   68858.395
   90200.000    2137.281    9955.300   62595.314    13894.004   12193.590     1293.792   70006.710
   90300.000    2137.433    9446.918   63010.751    13735.530   12501.648     1479.520   70565.874
   90400.000    1966.554   10146.654   61493.420    13685.223   12250.010     1025.485   69263.792
   90500.000    2286.778   10447.886   62625.895    13733.466   12540.145      883.192   70476.873
   90600.000    2481.707   10217.489   62560.314    13800.565   12290.293      894.376   69680.201
   90700.000    2210.658   10197.916   63251.122    13760.733   12356.417     1030.844   70864.909
   90800.000    2176.990    9370.518   63680.453    13660.306   12023.376     1943.506   71180.558
   90900.000    2078.231    9138.100   63813.750    13646.096   11969.378     2125.749   71322.649
   91000.000    2123.920    9985.898   62898.468    13797.452   12363.982     1347.228   70674.204
   91100.000    2113.568    9796.991   63288.032    13744.626   12146.600     1389.317   70762.747
   91200.000    2239.984    9552.270   62085.986    13935.138   12348.549     2217.060   70028.743
   91300.000    2220.304   10744.070   62007.392    13987.156   12356.507      964.138   69864.647
   91400.000    2268.024   10555.915   62070.665    13482.973   12070.859      715.219   69661.660
   91500.000    2165.741   10728.470   62214.664    13695.803   12143.536      505.059   69730.185
   91600.000    2472.351   10643.228   62148.662    13586.737   12005.491      249.217   68987.509
   91700.000    2410.202    9643.693   61936.326    13716.832   12140.270     1600.279   69193.533
   91800.000    2286.709   10692.674   60341.222    13482.720   12205.585      403.761   67873.814
   91900.000    2068.002   10298.912   62173.763    13872.024   12071.289     1207.117   69811.056
   92000.000    2054.425   11614.196   60414.892    13478.023   12189.319     477.590   68208.368
   92100.000    1987.727   10928.991   60478.264    13449.756   11888.363      213.526   68071.661
   92200.000    1879.816   11497.344   61126.531    13740.641   12423.759      163.593   69590.770
   92300.000    1836.649   10534.244   60556.590    13583.653   12133.255      743.403   68547.190
   92400.000    1986.450   11666.017   59141.350    13687.997   12294.734     329.475   67098.179
   92500.000    1998.669   11024.413   60520.512    13272.435   11800.073      66.817   68007.076
   92600.000    1957.345   11028.086   60362.315    13741.724   12070.304      286.631   68048.268
   92700.000    1892.257   11484.110   60045.273    13610.462   11872.427     300.801   67598.290
   92800.000    2021.778   10600.915   61320.881    13550.832   12244.773      611.709   69205.669
   92900.000    2045.340   10821.586   60774.391    13731.905   12685.575      714.889   69219.195
   93000.000    1967.108   10579.001   61820.701    13491.210   11940.684      856.810   69738.877
   93100.000    1886.819   11262.225   61593.225    13543.653   12482.482      38.086   69869.373
   93200.000    1892.043   10692.537   62123.325    13449.973   12117.742      697.173   70288.761
   93300.000    1949.235   11573.409   60967.490    13844.314   12269.790      339.506   69356.647
   93400.000    2012.713   10928.040   61270.226    13488.749   11693.536      423.969   68814.310
   93500.000    1735.158   11567.873   60674.466    13614.821   11952.383      84.885   68759.859
   93600.000    1941.865   11536.697   59803.884    13730.239   12250.735       10.018   67929.230
   93700.000    1819.162   12059.231   59760.594    13681.049   12151.145     255.081   68215.678
   93800.000    1793.723   11611.232   60833.884    13785.953   12390.855      82.010   69174.284
   93900.000    1990.055   11239.602   61479.924    13821.376   11977.780      261.707   69147.582
   94000.000    2109.142   10281.534   61385.870    13708.132   12021.462     1383.467   69255.060
   94100.000    2025.519   11061.158   60595.896    13703.093   12432.155      467.129   68827.726
   94200.000    1939.570   11283.073   60373.688    13914.988   12358.632      633.646   68794.481
   94300.000    1854.853   10843.190   60329.805    13604.460   12210.295      592.133   68516.110
   94400.000    2002.740   11781.286   60186.669    13769.714   12474.041     402.945   68266.597
   94500.000    1622.852   11696.701   59945.517    13567.787   11870.634     335.093   67987.120
   94600.000    1841.845   10808.599   60604.936    13110.679   11574.280       14.652   68049.943
   94700.000    2048.624   10063.687   61440.219    13729.941   12080.684     1683.698   69489.724
   94800.000    2000.647   10185.026   61746.881    13910.406   11961.578     1494.952   69477.384
   94900.000    2033.299   10328.574   62344.331    13454.143   12244.467      745.300   70175.230
   95000.000    2049.432   10214.534   61602.167    13442.559   11877.737     1384.696   69587.144
   95100.000    1978.500   11083.614   61095.722    13660.657   11874.387      530.613   68945.180
   95200.000    2127.697   10567.865   61879.998    13964.998   12395.986     1248.166   69999.320
   95300.000    1878.091   11394.088   60175.335    13970.865   12318.029      490.214   68528.709
   95400.000    2034.649   10737.792   61092.352    13970.892   12463.720      807.753   69096.077
   95500.000    1925.517   11194.854   60750.358    13718.709   12167.645      260.736   68729.367
   95600.000    1934.367   11076.407   61578.978    13450.854   11990.492      203.787   69464.441
   95700.000    2136.117   10479.286   63013.188    13840.654   12515.552     1234.581   71265.836
   95800.000    1969.529   10300.571   62309.889    13673.832   12134.660     1118.956   70220.715
   95900.000    2018.149   11837.068   61093.177    13348.167   12148.119     368.874   69343.174
   96000.000    2067.851   11064.604   60589.130    13405.618   12001.685      158.592   68340.543
   96100.000    2067.719   11053.885   61464.058    13480.630   12113.618      590.364   69673.576
   96200.000    1845.021   11652.062   60793.325    13424.836   12253.968     377.394   69052.104
   96300.000    2147.802   12087.111   60008.598    13712.821   12327.038     214.914   68347.210
   96400.000    1763.193   10287.340   62347.224    13363.696   11870.032     1237.678   70615.384
   96500.000    1952.023   11830.943   59741.319    13475.903   11791.278     466.732   67468.883
   96600.000    1950.360   11446.744   60518.289    13526.770   11890.762      176.873   68555.538
   96700.000    1811.191   11838.949   61195.419    13634.197   12055.381     264.289   69380.072
   96800.000    1994.856   11267.287   60261.260    13329.029   11865.880     125.278   67945.264
   96900.000    2184.509   11246.788   60563.772    13683.630   12178.298      183.944   68304.664
   97000.000    2145.765   10742.673   61358.482    13264.059   11956.307      405.370   69053.008
   97100.000    1999.513   11191.430   61721.642    13531.593   12025.687       88.739   69496.393
   97200.000    1900.717   10778.102   61104.804    13671.305   12288.124      687.812   69286.819
   97300.000    1878.529    9571.942   62602.145    13624.633   12008.106     1847.717   70526.747
   97400.000    1941.563   11089.310   61633.756    13682.155   12035.229      428.145   69562.722
   97500.000    2144.982   10440.906   62380.979    13316.431   11668.549      552.027   69581.049
   97600.000    1851.759   11260.387   60954.152    13589.977   11904.821      381.950   69059.573
   97700.000    1825.449   10634.406   61652.909    13505.139   11972.302      586.072   69515.101
   97800.000    1705.016   10840.190   60714.954    13657.113   12281.293      747.118   69221.425
   97900.000    1902.600   11032.207   61002.423    13588.897   12369.539      477.845   69390.516
   98000.000    1684.729   11341.197   61239.251    13520.513   12284.887      138.359   69798.451
   98100.000    1790.152   11671.494   59894.299    13538.682   12141.286     190.945   68187.300
   98200.000    1946.016   10070.268   61763.031    13406.462   12056.000     1493.518   70030.339
   98300.000    1590.112   10345.933   60922.550    13413.447   11891.545     1385.254   69541.723
   98400.000    1561.535   12007.407   60776.644    13742.423   12075.843      25.425   69530.510
   98500.000    1679.444   10899.805   61364.007    13817.979   12051.410     1144.011   69961.812
   98600.000    1766.515   10527.138   61806.280    13909.908   12097.309     1439.761   70194.064
   98700.000    1449.751   10779.948   61024.070    13627.889   12031.042      866.557   69623.978
   98800.000    1861.411   11172.666   62150.238    13725.481   12113.254      493.168   70342.434
   98900.000    2044.603   10864.427   60924.917    13647.069   12083.728      508.307   68689.708
   99000.000    1857.200   10611.123   62186.873    13871.552   12323.771     1142.477   70535.492
   99100.000    1893.218   11276.444   60826.252    13651.057   12260.158       16.252   68834.831
   99200.000    1738.656   10961.574   61197.282    13689.624   11855.143      789.731   69375.450
   99300.000    2027.802   10662.844   61096.571    13372.451   11833.716      770.630   68963.508
   99400.000    1737.631   11213.673   60650.364    13540.380   12129.515       83.746   68799.287
   99500.000    1826.543   10422.080   61681.366    13558.829   12280.586     1014.842   70013.502
   99600.000    1850.327   11002.156   61560.552    13761.176   12102.956      624.108   69678.269
   99700.000    1704.316   10588.161   61875.972    13546.940   12012.776      966.417   70192.070
   99800.000    1966.790   11256.249   61252.490    13457.298   12008.299      125.262   69218.212
   99900.000    1536.978   10771.804   61947.582    13634.329   12110.601      571.968   70230.647
  100000.000    1665.555   11777.943   59445.169    13609.779   11748.900     397.410   67299.267
